3	2	4	1	4	2	12	11	8	1	0	0
3	4	1	2	4	3	14	8	3	2	0	0
3	1	4	2	4	2	14	11	10	2	0	0
3	2	4	1	4	2	14	10	8	0	0	0
3	4	2	2	1	3	14	10	2	0	0	0
3	4	2	4	1	2	14	10	2	11	0	0
3	2	4	4	1	2	14	10	8	0	0	0
3	4	2	1	4	2	12	8	0	0	0	0
3	2	4	3	4	2	14	10	8	0	0	0
3	2	4	3	1	4	12	10	8	0	0	0
3	4	2	1	3	4	12	8	2	1	0	0
3	4	2	4	1	2	14	8	0	0	0	0
3	2	4	4	1	3	14	10	8	0	0	0
3	4	1	2	3	4	14	10	3	2	0	0
3	2	4	3	2	4	14	10	8	0	0	0
3	2	4	4	1	3	12	10	8	8	0	0
3	4	1	2	4	1	14	8	0	0	0	0
3	4	1	2	4	3	12	8	3	0	0	0
3	4	1	2	4	1	14	8	3	2	0	0
3	2	2	4	4	1	14	10	10	8	0	0
3	4	2	4	1	2	14	8	2	0	0	0
3	4	2	1	4	2	14	10	2	1	0	0
3	4	1	2	3	4	12	8	1	2	0	0
3	2	4	3	1	4	14	10	8	0	0	0
3	4	2	4	1	2	14	10	2	0	0	0
3	4	2	1	3	4	14	10	2	1	0	0
3	4	1	2	3	2	12	8	3	2	0	0
3	2	4	1	4	2	14	10	8	3	0	0
3	1	4	2	4	1	12	9	8	0	0	0
3	2	4	2	4	1	14	10	8	0	0	0
3	4	1	2	4	3	12	8	3	2	0	0
3	1	4	2	3	4	12	9	8	0	0	0
3	2	4	4	1	3	12	10	8	9	0	0
3	4	1	2	4	3	12	8	0	2	0	0
3	1	4	2	4	3	12	11	8	2	0	0
3	2	4	1	4	2	12	10	8	0	0	0
3	4	1	2	4	3	14	8	0	0	0	0
3	4	2	1	4	2	14	8	2	1	0	0
3	1	2	4	4	1	12	9	10	8	0	0
3	2	4	1	4	2	12	10	8	1	0	0
3	4	2	1	4	3	14	8	0	0	0	0
3	2	4	1	2	4	14	10	8	3	0	0
3	4	2	1	4	3	14	10	2	1	0	0
3	2	4	4	1	2	14	10	8	11	0	0
3	4	2	1	2	3	14	10	2	0	0	0
3	2	4	1	4	3	12	11	8	0	0	0
3	4	1	4	2	3	12	8	0	0	0	0
3	4	2	1	1	3	12	8	3	1	0	0
3	4	2	4	1	2	12	8	2	0	0	0
3	4	3	4	1	2	12	8	0	0	0	0
3	1	4	2	4	3	14	9	8	2	0	0
3	2	4	4	1	2	12	10	8	0	0	0
3	4	2	1	4	2	14	10	2	11	0	0
3	4	2	4	2	1	14	10	2	10	0	0
3	2	1	4	4	2	12	11	9	8	0	0
3	4	2	1	4	1	14	8	0	1	0	0
3	2	1	4	4	1	14	10	9	8	0	0
3	4	2	3	1	4	12	8	0	0	0	0
3	4	1	2	4	2	12	8	0	0	0	0
3	4	2	1	4	2	12	8	2	1	0	0
3	1	4	2	3	4	12	11	8	0	0	0
3	2	4	1	4	1	12	10	8	1	0	0
3	2	4	2	1	4	14	10	8	10	0	0
3	4	2	1	2	4	14	10	2	1	0	0
3	4	2	4	2	1	14	10	2	0	0	0
3	2	4	1	4	3	14	11	8	0	0	0
3	2	4	2	4	1	14	10	8	11	0	0
3	4	1	2	4	3	14	8	1	0	0	0
3	2	4	1	4	1	14	11	8	0	0	0
3	4	1	2	2	4	12	8	3	2	0	0
3	4	2	1	4	2	14	8	0	0	0	0
3	4	2	1	4	1	12	8	3	0	0	0
3	2	1	4	4	2	14	11	9	8	0	0
3	4	1	2	1	2	12	8	3	2	0	0
3	4	1	2	4	2	14	10	11	2	0	0
3	4	2	1	4	2	14	10	2	0	0	0
3	1	2	4	4	1	14	11	10	8	0	0
3	2	4	1	4	3	14	10	8	1	0	0
3	4	2	2	1	4	14	10	2	10	0	0
3	1	4	2	2	4	14	11	10	2	0	0
3	2	2	4	1	4	14	10	11	8	0	0
3	4	2	1	3	4	12	8	0	1	0	0
3	1	4	2	4	1	14	11	8	0	0	0
3	1	4	2	4	2	12	9	8	0	0	0
3	1	4	2	4	2	12	11	8	2	0	0
3	2	4	1	4	3	12	10	8	0	0	0
3	2	4	2	1	4	14	10	8	0	0	0
3	1	2	4	4	2	12	9	10	8	0	0
3	4	2	1	3	2	14	10	2	1	0	0
3	1	4	2	4	3	14	11	8	2	0	0
3	2	4	1	3	4	12	11	8	0	0	0
3	2	4	1	4	2	14	11	8	0	0	0
3	4	1	2	2	1	12	8	3	2	0	0
3	4	1	2	3	2	14	10	3	2	0	0
3	4	2	1	4	1	12	8	2	1	0	0
3	1	2	4	4	1	14	9	10	8	0	0
3	1	4	2	4	1	12	9	8	2	0	0
3	2	4	4	3	2	14	10	8	0	0	0
3	4	2	1	2	1	12	8	3	1	0	0
3	2	4	4	1	2	14	10	8	10	0	0
3	4	2	4	1	3	14	8	0	0	0	0
3	2	4	3	4	1	14	10	8	0	0	0
3	2	4	2	4	1	14	10	8	3	0	0
3	2	4	1	3	4	14	10	8	0	0	0
3	4	2	1	4	3	14	10	2	0	0	0
3	4	2	2	1	4	14	10	2	0	0	0
3	4	3	2	1	4	12	8	0	0	0	0
3	4	1	2	4	3	14	8	3	0	0	0
3	4	2	1	2	4	14	10	2	11	0	0
3	4	2	1	4	3	14	8	2	0	0	0
3	4	2	1	4	1	14	8	3	0	0	0
3	4	2	1	4	3	12	8	0	1	0	0
3	4	1	2	3	1	12	8	3	2	0	0
3	4	3	1	4	2	12	8	0	0	0	0
3	4	2	3	2	4	14	10	2	0	0	0
3	1	4	2	4	3	14	9	8	0	0	0
3	4	2	1	2	3	14	10	2	1	0	0
3	2	4	4	1	2	12	10	8	9	0	0
3	2	1	4	4	3	14	11	9	8	0	0
3	2	1	4	2	4	14	10	9	8	0	0
3	4	2	1	3	2	14	10	2	0	0	0
3	4	2	1	4	2	14	8	0	1	0	0
3	2	4	2	1	4	14	10	8	2	0	0
3	2	4	4	3	1	12	10	8	0	0	0
3	1	4	2	4	1	14	9	8	0	0	0
3	2	1	4	4	2	14	10	11	8	0	0
3	2	4	2	3	4	14	10	8	0	0	0
3	4	3	2	4	1	12	8	0	0	0	0
3	4	1	2	4	1	12	8	0	2	0	0
3	4	2	3	1	4	12	8	2	0	0	0
3	4	2	1	4	2	14	8	3	1	0	0
3	4	2	2	4	1	14	10	2	0	0	0
3	4	2	2	4	1	14	10	2	3	0	0
3	4	2	4	1	2	14	10	2	9	0	0
3	2	4	4	2	1	14	10	8	10	0	0
3	2	4	3	4	1	12	10	8	0	0	0
3	1	4	2	4	3	12	11	8	0	0	0
3	4	2	1	4	3	14	8	3	1	0	0
3	4	2	1	4	1	12	8	2	0	0	0
3	4	2	4	1	3	14	10	2	0	0	0
3	4	2	4	1	3	12	8	2	0	0	0
3	1	2	4	3	4	12	9	10	8	0	0
3	2	4	1	4	2	12	10	8	9	0	0
3	4	1	2	4	2	14	8	3	2	0	0
3	4	2	1	4	3	12	8	3	0	0	0
3	4	1	2	3	4	12	8	3	0	0	0
3	2	4	4	2	1	14	10	8	0	0	0
3	4	1	2	4	1	12	8	1	0	0	0
3	1	2	4	2	4	14	11	10	8	0	0
3	1	4	2	4	2	14	11	8	0	0	0
3	4	2	1	2	4	14	10	2	9	0	0
3	4	1	2	4	1	14	8	1	2	0	0
3	4	2	1	4	3	14	8	2	1	0	0
3	2	4	1	2	4	14	10	8	11	0	0
3	4	4	1	2	3	12	8	0	0	0	0
3	4	4	2	2	1	14	10	11	2	0	0
3	4	2	1	4	3	12	8	2	1	0	0
3	2	4	1	2	4	14	10	8	9	0	0
3	2	4	4	1	2	12	10	8	8	0	0
3	4	1	2	1	3	12	8	3	2	0	0
3	4	2	4	2	1	14	10	2	11	0	0
3	4	4	2	1	3	12	8	0	0	0	0
3	4	2	2	3	4	14	10	2	0	0	0
3	4	1	3	2	4	12	8	0	0	0	0
3	2	4	1	3	4	12	10	8	0	0	0
3	4	1	2	4	2	14	8	0	0	0	0
3	1	2	4	3	4	12	11	10	8	0	0
3	2	4	4	2	1	14	10	8	9	0	0
3	2	4	1	4	3	14	11	8	1	0	0
3	4	2	1	4	3	12	8	3	1	0	0
3	4	2	4	3	1	12	8	0	0	0	0
3	4	1	2	4	2	14	8	0	2	0	0
3	1	2	4	3	2	14	11	10	8	0	0
3	4	2	1	1	2	12	8	3	1	0	0
3	1	2	4	4	3	12	11	10	8	0	0
3	4	2	3	1	4	14	10	2	0	0	0
3	4	1	3	4	2	12	8	0	0	0	0
3	4	2	3	4	1	12	8	2	0	0	0
3	2	1	4	3	4	12	10	9	8	0	0
3	4	1	2	3	4	12	8	1	0	0	0
3	2	4	1	4	1	12	11	8	0	0	0
3	2	1	4	3	2	14	10	9	8	0	0
3	4	1	2	4	1	12	8	1	2	0	0
3	2	2	4	4	1	14	10	11	8	0	0
3	4	2	2	1	4	14	10	2	2	0	0
3	1	4	2	4	3	12	9	8	2	0	0
3	4	2	1	4	2	14	10	2	3	0	0
3	4	4	3	2	1	12	8	0	0	0	0
3	4	1	2	4	2	14	8	1	2	0	0
3	4	2	1	4	1	12	8	3	1	0	0
3	4	1	2	2	3	12	8	3	2	0	0
3	2	4	2	1	4	14	10	8	11	0	0
3	4	1	2	1	4	12	8	3	2	0	0
3	4	2	3	2	1	14	10	2	0	0	0
3	4	3	1	2	4	12	8	0	0	0	0
3	2	1	4	3	4	14	10	9	8	0	0
3	2	1	4	2	4	14	10	11	8	0	0
3	2	4	1	4	3	14	10	8	0	0	0
3	4	2	4	1	2	14	10	2	10	0	0
3	2	4	1	4	3	12	10	8	1	0	0
3	2	4	2	3	1	14	10	8	0	0	0
3	4	2	1	3	4	12	8	2	0	0	0
3	4	2	1	3	4	12	8	3	0	0	0
3	4	2	1	4	2	12	8	3	0	0	0
3	2	4	1	4	2	14	10	8	9	0	0
3	2	4	1	4	2	12	11	8	0	0	0
3	1	4	2	4	2	14	11	8	2	0	0
3	2	4	4	3	1	14	10	8	0	0	0
3	4	2	4	1	3	14	8	2	0	0	0
3	4	2	3	4	1	14	10	2	0	0	0
3	2	4	2	4	1	14	10	8	10	0	0
3	4	1	2	2	3	14	10	3	2	0	0
3	2	1	4	4	1	14	11	9	8	0	0
3	1	4	2	4	2	12	9	8	2	0	0
3	4	1	2	3	4	12	8	0	2	0	0
3	4	2	2	4	1	14	10	2	11	0	0
3	4	1	2	4	2	12	8	1	0	0	0
3	4	2	2	1	4	14	10	2	3	0	0
3	4	2	1	3	4	12	8	3	1	0	0
3	4	2	1	3	4	12	8	0	0	0	0
3	2	4	4	2	1	14	10	8	11	0	0
3	2	4	2	1	3	14	10	8	0	0	0
3	4	1	2	2	4	14	10	3	2	0	0
3	4	2	1	4	2	14	10	2	9	0	0
3	1	4	2	4	3	14	11	8	0	0	0
3	1	2	4	4	1	12	11	10	8	0	0
3	2	4	1	2	4	14	10	8	1	0	0
3	4	4	2	2	1	14	10	10	2	0	0
3	4	2	2	3	1	14	10	2	0	0	0
3	2	1	4	4	1	12	11	9	8	0	0
3	4	1	2	4	3	14	8	1	2	0	0
3	1	4	2	4	1	14	9	8	2	0	0
3	2	1	4	4	2	14	10	9	8	0	0
3	1	4	2	4	1	12	11	8	0	0	0
3	4	2	1	4	2	14	8	3	0	0	0
3	4	1	2	4	1	14	8	0	2	0	0
3	2	4	2	4	1	14	10	8	2	0	0
3	2	4	1	3	4	14	10	8	1	0	0
3	1	2	4	4	2	12	11	10	8	0	0
3	2	1	4	3	4	12	11	9	8	0	0
3	4	1	2	4	2	12	8	0	2	0	0
3	2	4	4	2	1	14	10	8	8	0	0
3	4	2	4	2	1	14	10	2	9	0	0
3	4	2	4	1	3	12	8	0	0	0	0
3	4	1	4	3	2	12	8	0	0	0	0
3	4	1	2	4	2	12	8	1	2	0	0
3	2	4	1	2	3	14	10	8	1	0	0
3	2	4	1	4	2	14	10	8	1	0	0
3	4	2	1	4	2	12	8	0	1	0	0
3	2	4	1	4	1	12	10	8	0	0	0
3	4	2	1	4	3	14	8	0	1	0	0
3	1	2	4	4	3	14	9	10	8	0	0
3	1	4	2	3	4	14	11	10	2	0	0
3	4	2	1	3	1	12	8	3	1	0	0
3	4	2	4	3	1	12	8	2	0	0	0
3	4	2	4	2	3	14	10	2	0	0	0
3	2	4	4	1	2	14	10	8	8	0	0
3	4	1	2	4	1	12	8	3	2	0	0
3	4	1	2	4	3	12	8	0	0	0	0
3	4	2	2	4	1	14	10	2	2	0	0
3	4	2	1	4	2	12	8	3	1	0	0
3	2	4	1	3	2	14	10	8	0	0	0
3	4	1	2	3	4	12	8	0	0	0	0
3	1	4	2	3	2	14	11	10	2	0	0
3	2	4	1	3	2	14	10	8	1	0	0
3	4	2	1	4	1	12	8	0	0	0	0
3	4	4	2	3	1	12	8	0	0	0	0
3	4	2	2	4	1	14	10	2	10	0	0
3	1	4	2	2	3	14	11	10	2	0	0
3	4	1	2	4	3	12	8	1	0	0	0
3	1	4	2	4	3	14	11	10	2	0	0
3	4	2	3	4	1	12	8	0	0	0	0
3	2	4	1	4	1	14	11	8	1	0	0
3	4	2	1	1	4	12	8	3	1	0	0
3	4	1	2	2	4	14	10	11	2	0	0
3	2	4	4	1	2	14	10	8	9	0	0
3	2	4	1	4	3	12	11	8	1	0	0
3	4	1	2	4	1	12	8	0	0	0	0
3	4	2	2	1	4	14	10	2	11	0	0
3	1	2	4	4	2	14	11	10	8	0	0
3	4	2	3	4	2	14	10	2	0	0	0
3	2	4	4	2	3	14	10	8	0	0	0
3	1	4	2	4	2	12	11	8	0	0	0
3	4	2	4	1	2	14	10	2	8	0	0
3	4	1	2	3	4	12	8	3	2	0	0
3	2	4	1	4	1	14	10	8	1	0	0
3	4	1	2	4	2	12	8	3	2	0	0
3	4	2	3	1	2	14	10	2	0	0	0
3	4	1	2	4	2	14	8	1	0	0	0
3	4	2	1	4	1	14	8	3	1	0	0
3	4	2	4	1	2	12	8	0	0	0	0
3	1	2	4	4	2	14	9	10	8	0	0
3	2	4	1	4	1	12	11	8	1	0	0
3	4	2	1	4	2	12	8	2	0	0	0
3	2	4	3	2	1	14	10	8	0	0	0
3	1	4	2	4	2	14	9	8	0	0	0
3	1	2	4	4	3	12	9	10	8	0	0
3	4	1	2	4	3	14	10	3	2	0	0
3	2	4	1	4	2	14	11	8	1	0	0
3	2	1	4	4	2	12	10	9	8	0	0
3	4	2	1	2	3	12	8	3	1	0	0
3	2	4	2	4	3	14	10	8	0	0	0
3	2	4	4	1	3	12	10	8	0	0	0
3	4	1	2	4	1	14	8	3	0	0	0
3	1	4	2	4	1	14	11	8	2	0	0
3	4	4	2	1	2	14	10	11	2	0	0
3	4	2	1	4	3	12	8	0	0	0	0
3	4	2	1	4	2	14	8	2	0	0	0
3	4	2	1	4	1	12	8	0	1	0	0
3	2	4	1	2	3	14	10	8	0	0	0
3	1	2	4	3	4	14	11	10	8	0	0
3	4	2	4	2	1	14	10	2	8	0	0
3	4	2	4	3	1	14	10	2	0	0	0
3	2	4	2	1	4	14	10	8	3	0	0
3	4	4	2	1	2	14	10	10	2	0	0
3	1	2	4	4	3	14	11	10	8	0	0
3	1	4	2	4	3	12	9	8	0	0	0
3	2	4	1	4	3	12	10	8	9	0	0
3	4	2	4	3	2	14	10	2	0	0	0
3	4	4	1	3	2	12	8	0	0	0	0
3	2	4	3	1	2	14	10	8	0	0	0
3	1	4	2	4	1	12	11	8	2	0	0
3	4	1	2	4	2	12	8	3	0	0	0
3	2	4	1	4	1	14	10	8	0	0	0
3	2	4	1	4	2	14	10	8	11	0	0
3	1	4	2	3	4	12	9	8	2	0	0
3	2	1	4	4	3	12	11	9	8	0	0
3	4	2	1	2	4	14	10	2	3	0	0
3	4	2	1	4	1	14	8	2	1	0	0
3	4	2	2	4	3	14	10	2	0	0	0
3	4	1	2	4	1	12	8	3	0	0	0
3	2	4	1	3	4	12	10	8	1	0	0
3	4	1	2	4	2	14	10	3	2	0	0
3	1	4	2	3	4	12	11	8	2	0	0
3	4	1	2	4	3	12	8	1	2	0	0
3	4	2	1	4	1	14	8	0	0	0	0
3	2	1	4	4	1	12	10	9	8	0	0
3	4	2	1	4	3	14	8	3	0	0	0
3	4	2	1	4	1	14	8	2	0	0	0
3	4	2	1	2	4	12	8	3	1	0	0
3	4	2	1	3	2	12	8	3	1	0	0
3	2	4	1	3	4	12	11	8	1	0	0
3	2	4	1	2	4	14	10	8	0	0	0
3	4	3	4	2	1	12	8	0	0	0	0
3	4	4	3	1	2	12	8	0	0	0	0
3	4	2	1	4	3	12	8	2	0	0	0
3	1	4	2	4	2	14	9	8	2	0	0
3	4	1	2	4	3	14	8	0	2	0	0
3	2	1	4	4	3	14	10	9	8	0	0
3	4	1	2	4	2	14	8	3	0	0	0
3	2	1	4	4	3	12	10	9	8	0	0
3	2	1	4	2	3	14	10	9	8	0	0
3	4	2	1	2	4	14	10	2	0	0	0
3	4	1	2	4	1	14	8	1	0	0	0
3	1	2	4	2	3	14	11	10	8	0	0
3	2	2	4	1	4	14	10	10	8	0	0
3	4	2	1	3	4	14	10	2	0	0	0
2	3	4	1	4	1	10	12	8	0	0	0
4	2	3	2	3	1	14	6	4	0	0	0
4	3	4	1	2	3	12	4	0	0	0	0
4	2	3	1	2	4	14	6	4	0	0	0
4	3	2	1	4	3	14	6	2	1	0	0
4	2	3	3	2	1	14	6	4	4	0	0
4	2	3	3	1	2	14	6	4	7	0	0
4	2	3	2	1	3	14	6	4	7	0	0
4	2	3	1	3	2	14	6	4	3	0	0
4	3	2	1	2	3	14	6	2	5	0	0
4	2	3	4	3	2	14	6	4	0	0	0
2	4	1	3	4	1	10	8	5	0	0	0
4	3	1	4	3	2	12	4	0	0	0	0
4	2	3	2	3	1	14	6	4	6	0	0
2	4	1	3	4	1	10	8	1	4	0	0
4	3	2	4	1	3	12	4	0	0	0	0
2	1	3	4	4	1	10	9	12	8	0	0
2	3	4	1	4	3	10	13	8	1	0	0
4	2	3	2	1	3	14	6	4	6	0	0
4	3	2	1	3	4	12	4	0	0	0	0
4	2	3	1	4	2	14	6	4	0	0	0
4	2	1	3	4	3	12	7	5	4	0	0
2	3	1	4	4	1	10	12	9	8	0	0
4	2	3	1	3	2	14	6	4	5	0	0
4	2	3	3	2	4	14	6	4	0	0	0
4	2	1	3	3	4	12	6	5	4	0	0
4	1	2	3	4	3	12	7	6	4	0	0
4	2	3	4	3	1	14	6	4	0	0	0
4	2	1	3	3	2	14	6	7	4	0	0
4	2	3	1	2	4	14	6	4	1	0	0
4	2	3	1	3	2	14	6	4	0	0	0
4	3	2	1	3	4	12	4	3	1	0	0
4	3	2	1	2	4	14	6	2	0	0	0
4	3	4	2	3	1	12	4	0	0	0	0
4	3	2	3	2	1	14	6	2	4	0	0
4	3	2	3	1	4	12	4	2	0	0	0
4	3	3	2	2	1	14	6	7	2	0	0
4	2	3	2	4	1	14	6	4	0	0	0
4	3	1	3	2	4	12	4	0	0	0	0
4	3	2	4	3	1	14	6	2	0	0	0
4	1	3	2	2	4	14	7	6	2	0	0
2	3	4	1	4	2	10	13	8	0	0	0
2	4	1	3	4	3	10	8	1	4	0	0
2	4	3	1	4	2	10	8	4	1	0	0
2	4	1	3	4	1	10	8	1	0	0	0
4	2	3	3	1	2	14	6	4	4	0	0
4	2	3	2	1	3	14	6	4	0	0	0
4	3	2	1	3	4	12	4	2	1	0	0
4	2	1	3	4	3	12	6	5	4	0	0
4	3	1	2	4	2	14	6	3	2	0	0
4	3	1	2	1	4	12	4	3	2	0	0
4	3	1	2	4	3	12	4	0	0	0	0
4	2	1	3	2	4	14	6	5	4	0	0
4	3	1	2	3	4	12	4	3	0	0	0
4	1	2	3	4	3	12	5	6	4	0	0
4	3	1	2	1	2	12	4	3	2	0	0
4	3	2	4	1	2	14	6	2	0	0	0
2	4	3	1	4	2	10	8	5	0	0	0
4	2	3	3	1	4	12	6	4	5	0	0
4	2	3	3	1	2	12	6	4	4	0	0
4	3	3	2	2	1	14	6	6	2	0	0
4	1	2	3	3	4	12	7	6	4	0	0
4	3	2	3	1	4	14	6	2	0	0	0
4	2	3	2	1	4	14	6	4	0	0	0
2	1	4	3	4	1	10	9	8	0	0	0
4	2	3	4	1	3	14	6	4	0	0	0
4	2	3	3	1	2	14	6	4	5	0	0
4	2	3	1	3	4	12	7	4	1	0	0
4	2	3	3	4	1	14	6	4	0	0	0
4	3	1	2	3	4	12	4	0	0	0	0
4	3	2	1	1	4	12	4	3	1	0	0
4	2	3	1	2	3	14	6	4	5	0	0
4	3	2	4	3	1	12	4	2	0	0	0
4	2	3	2	3	1	14	6	4	2	0	0
4	3	2	4	3	1	12	4	0	0	0	0
4	2	2	3	1	3	14	6	7	4	0	0
4	3	2	4	1	3	12	4	2	0	0	0
4	2	3	2	1	3	14	6	4	3	0	0
4	2	3	3	2	1	14	6	4	6	0	0
4	3	2	1	2	3	14	6	2	0	0	0
4	3	2	1	2	4	14	6	2	1	0	0
2	3	4	4	1	3	10	12	8	0	0	0
2	1	4	3	4	3	10	13	8	0	0	0
4	2	1	3	2	3	14	6	5	4	0	0
4	1	2	3	2	4	14	7	6	4	0	0
4	1	3	2	3	4	12	5	4	0	0	0
2	4	1	3	4	2	10	8	0	0	0	0
4	2	3	1	3	2	14	6	4	1	0	0
4	2	3	3	2	1	14	6	4	5	0	0
4	3	1	4	2	3	12	4	0	0	0	0
4	3	2	2	1	3	14	6	2	0	0	0
4	3	3	4	1	2	12	4	0	0	0	0
4	2	1	3	2	3	14	6	7	4	0	0
4	3	2	3	4	2	14	6	2	0	0	0
4	3	2	1	4	3	12	4	2	0	0	0
2	4	1	3	4	2	10	8	1	4	0	0
2	1	4	3	4	1	10	9	8	4	0	0
4	2	2	3	1	3	14	6	6	4	0	0
2	3	1	4	4	3	10	13	9	8	0	0
2	4	1	3	4	2	10	8	1	0	0	0
4	3	2	1	3	2	14	6	2	1	0	0
4	2	3	1	4	3	12	6	4	1	0	0
4	1	3	2	3	4	12	7	4	0	0	0
4	3	2	1	4	3	12	4	2	1	0	0
2	4	1	3	4	3	10	8	0	4	0	0
4	3	2	4	3	2	14	6	2	0	0	0
4	2	3	2	3	1	14	6	4	7	0	0
2	4	3	4	1	3	10	8	4	0	0	0
4	3	2	2	3	1	14	6	2	0	0	0
4	3	2	3	1	2	14	6	2	6	0	0
4	3	1	2	3	2	12	4	3	2	0	0
4	3	1	2	3	1	12	4	3	2	0	0
4	2	1	3	4	3	14	6	5	4	0	0
2	4	1	3	4	2	10	8	0	4	0	0
4	3	2	2	1	3	14	6	2	6	0	0
2	3	4	1	4	2	10	12	8	1	0	0
4	2	3	1	3	4	12	6	4	1	0	0
2	4	1	3	4	2	10	8	5	4	0	0
4	2	3	1	2	3	14	6	4	1	0	0
4	3	2	1	3	4	14	6	2	1	0	0
4	3	4	2	1	3	12	4	0	0	0	0
4	1	3	2	4	3	12	5	4	0	0	0
4	3	2	1	4	2	12	4	3	1	0	0
4	3	2	3	4	1	12	4	2	0	0	0
4	1	2	3	3	2	14	7	6	4	0	0
4	1	2	3	4	3	14	7	6	4	0	0
4	3	3	1	4	2	12	4	0	0	0	0
2	1	4	3	4	1	10	13	8	4	0	0
4	3	3	4	2	1	12	4	0	0	0	0
2	1	3	4	4	3	10	13	12	8	0	0
4	3	2	1	3	2	14	6	2	5	0	0
4	3	2	3	1	2	14	6	2	5	0	0
2	4	1	3	4	1	10	8	5	4	0	0
4	3	1	2	4	3	14	6	3	2	0	0
2	4	1	3	4	2	10	8	5	0	0	0
4	3	2	3	1	2	14	6	2	7	0	0
4	2	3	3	4	2	14	6	4	0	0	0
4	3	2	1	4	3	14	6	2	0	0	0
4	3	2	4	2	1	14	6	2	0	0	0
2	4	3	4	1	2	10	8	0	0	0	0
4	2	3	3	2	1	14	6	4	0	0	0
4	2	3	1	4	2	14	6	4	1	0	0
4	3	2	1	4	3	12	4	3	1	0	0
4	3	2	1	3	4	14	6	2	0	0	0
4	3	2	2	1	4	14	6	2	0	0	0
4	3	2	3	2	1	14	6	2	6	0	0
4	1	3	2	3	4	12	5	4	2	0	0
4	2	3	3	1	4	14	6	4	0	0	0
4	2	3	2	3	4	14	6	4	0	0	0
4	2	3	2	4	3	14	6	4	0	0	0
4	3	2	3	2	1	14	6	2	0	0	0
2	4	3	1	4	1	10	8	0	1	0	0
4	2	3	1	3	4	14	6	4	1	0	0
2	3	1	4	4	2	10	13	9	8	0	0
4	3	2	1	3	4	12	4	3	0	0	0
4	3	4	1	3	2	12	4	0	0	0	0
2	4	3	1	4	3	10	8	5	0	0	0
4	2	3	3	2	1	14	6	4	7	0	0
4	3	1	2	4	3	12	4	3	0	0	0
4	2	3	1	4	3	12	7	4	0	0	0
4	2	3	1	4	3	12	7	4	1	0	0
2	4	3	1	4	3	10	8	0	1	0	0
2	4	3	1	4	3	10	8	5	1	0	0
4	3	2	1	3	2	14	6	2	7	0	0
2	4	3	4	1	3	10	8	0	0	0	0
2	3	4	1	4	2	10	12	8	0	0	0
4	2	2	3	3	1	14	6	7	4	0	0
4	3	2	1	3	2	14	6	2	0	0	0
4	1	3	2	2	3	14	7	6	2	0	0
4	2	3	1	4	3	12	6	4	0	0	0
4	3	1	2	2	4	14	6	3	2	0	0
4	1	3	2	3	2	14	7	6	2	0	0
4	3	2	1	3	2	12	4	3	1	0	0
2	3	4	1	4	2	10	13	8	1	0	0
4	1	3	2	4	3	12	7	4	2	0	0
2	4	3	1	4	1	10	8	5	0	0	0
2	3	4	1	4	3	10	13	8	0	0	0
4	2	3	3	1	2	14	6	4	6	0	0
4	3	2	2	1	3	14	6	2	3	0	0
4	1	2	3	2	3	14	7	6	4	0	0
4	3	2	1	4	3	12	4	3	0	0	0
2	3	4	1	4	1	10	13	8	0	0	0
4	3	1	2	1	3	12	4	3	2	0	0
4	1	3	2	3	4	14	7	6	2	0	0
4	2	3	3	1	4	12	6	4	0	0	0
2	3	4	1	4	1	10	13	8	1	0	0
4	3	1	2	4	3	12	4	3	2	0	0
4	2	3	1	3	4	14	6	4	0	0	0
4	3	1	2	3	2	14	6	3	2	0	0
4	3	2	2	4	1	14	6	2	0	0	0
4	3	2	1	4	1	12	4	3	1	0	0
4	3	1	2	4	3	12	4	1	0	0	0
4	2	3	1	3	2	14	6	4	7	0	0
4	3	1	2	2	3	14	6	3	2	0	0
4	3	2	4	2	3	14	6	2	0	0	0
2	4	3	1	4	2	10	8	5	1	0	0
4	2	3	4	1	2	14	6	4	0	0	0
4	3	4	3	1	2	12	4	0	0	0	0
4	3	2	1	1	2	12	4	3	1	0	0
4	3	2	1	2	3	14	6	2	7	0	0
4	3	2	3	2	1	14	6	2	5	0	0
4	1	3	2	4	3	14	7	6	2	0	0
2	3	1	4	4	1	10	13	9	8	0	0
2	4	3	1	4	2	10	8	0	1	0	0
4	3	3	2	1	2	14	6	6	2	0	0
2	3	1	4	4	3	10	12	9	8	0	0
4	2	3	1	4	3	14	6	4	1	0	0
2	1	4	3	4	2	10	13	8	0	0	0
4	3	2	3	2	4	14	6	2	0	0	0
2	3	4	1	4	3	10	12	8	0	0	0
4	3	1	2	4	3	12	4	0	2	0	0
2	3	1	4	4	2	10	12	9	8	0	0
4	1	3	2	4	2	14	7	6	2	0	0
4	3	1	2	3	4	12	4	3	2	0	0
4	3	1	2	3	2	14	6	7	2	0	0
2	4	3	1	4	1	10	8	0	0	0	0
4	2	3	1	3	4	12	7	4	0	0	0
2	4	3	1	4	3	10	8	4	0	0	0
4	3	2	2	1	3	14	6	2	2	0	0
4	3	2	2	3	4	14	6	2	0	0	0
4	3	2	4	1	3	14	6	2	0	0	0
2	1	4	3	4	2	10	9	8	4	0	0
4	2	3	3	4	1	12	6	4	0	0	0
2	4	3	1	4	3	10	8	4	1	0	0
4	3	2	1	4	2	14	6	2	0	0	0
4	3	2	1	2	3	14	6	2	1	0	0
4	3	2	3	1	4	12	4	0	0	0	0
4	2	1	3	3	2	14	6	5	4	0	0
2	1	3	4	4	3	10	9	12	8	0	0
4	3	2	1	3	2	14	6	2	3	0	0
4	2	3	1	2	3	14	6	4	0	0	0
4	3	1	2	2	1	12	4	3	2	0	0
4	1	3	2	4	3	12	7	4	0	0	0
2	4	1	3	4	3	10	8	1	0	0	0
2	1	4	3	4	2	10	13	8	4	0	0
2	1	4	3	4	3	10	9	8	0	0	0
4	2	3	4	1	3	12	6	4	0	0	0
2	4	1	3	4	3	10	8	5	0	0	0
4	2	1	3	3	4	14	6	5	4	0	0
4	3	2	3	2	1	14	6	2	7	0	0
2	4	1	3	4	3	10	8	0	0	0	0
4	3	2	2	3	1	14	6	2	6	0	0
4	3	2	2	3	1	14	6	2	2	0	0
4	2	3	3	1	2	14	6	4	0	0	0
2	4	1	3	4	3	10	8	5	4	0	0
4	3	2	2	3	1	14	6	2	7	0	0
4	2	3	2	3	1	14	6	4	3	0	0
4	3	2	1	3	4	12	4	0	1	0	0
4	2	3	1	2	3	14	6	4	3	0	0
4	3	2	1	2	4	12	4	3	1	0	0
4	2	3	2	1	3	14	6	4	2	0	0
2	4	1	3	4	1	10	8	0	4	0	0
4	1	3	2	3	4	12	7	4	2	0	0
4	2	3	4	3	1	12	6	4	0	0	0
4	3	1	2	2	3	12	4	3	2	0	0
4	3	2	1	3	1	12	4	3	1	0	0
2	4	3	1	4	1	10	8	5	1	0	0
4	3	2	2	3	1	14	6	2	3	0	0
4	3	3	2	4	1	12	4	0	0	0	0
2	1	3	4	4	2	10	9	12	8	0	0
4	2	3	4	2	3	14	6	4	0	0	0
4	3	2	1	4	3	12	4	0	1	0	0
4	3	2	3	1	2	14	6	2	4	0	0
4	3	2	3	1	2	14	6	2	0	0	0
2	3	4	1	4	1	10	12	8	1	0	0
4	3	1	2	4	2	12	4	3	2	0	0
4	2	3	3	1	4	12	6	4	4	0	0
2	4	3	1	4	2	10	8	0	0	0	0
4	2	3	1	3	4	12	6	4	5	0	0
2	1	4	3	4	1	10	13	8	0	0	0
4	3	2	1	4	2	14	6	2	1	0	0
2	4	3	1	4	1	10	8	4	1	0	0
4	2	2	3	3	1	14	6	6	4	0	0
4	3	1	2	3	4	12	4	1	0	0	0
4	3	4	3	2	1	12	4	0	0	0	0
2	1	3	4	4	2	10	13	12	8	0	0
2	1	4	3	4	3	10	9	8	4	0	0
4	2	3	1	3	4	12	6	4	0	0	0
4	3	3	2	1	4	12	4	0	0	0	0
4	3	1	2	3	4	12	4	0	2	0	0
4	3	2	1	2	3	14	6	2	3	0	0
4	3	1	2	3	4	12	4	1	2	0	0
2	3	4	4	1	2	10	12	8	0	0	0
2	1	4	3	4	3	10	13	8	4	0	0
4	3	2	1	1	3	12	4	3	1	0	0
2	4	3	1	4	2	10	8	4	0	0	0
4	3	3	2	1	2	14	6	7	2	0	0
4	2	3	4	2	1	14	6	4	0	0	0
4	3	2	1	2	3	12	4	3	1	0	0
4	3	3	1	2	4	12	4	0	0	0	0
4	3	2	3	4	1	12	4	0	0	0	0
2	4	3	1	4	3	10	8	0	0	0	0
4	1	2	3	3	4	12	5	6	4	0	0
4	3	1	2	2	4	12	4	3	2	0	0
4	2	1	3	3	4	12	7	5	4	0	0
4	3	2	2	4	3	14	6	2	0	0	0
2	4	1	3	4	1	10	8	0	0	0	0
4	3	1	2	2	3	14	6	7	2	0	0
2	3	4	1	4	3	10	12	8	1	0	0
4	3	1	2	3	4	14	6	3	2	0	0
4	3	2	1	4	3	12	4	0	0	0	0
2	4	3	1	4	1	10	8	4	0	0	0
4	3	1	2	4	1	12	4	3	2	0	0
4	1	2	3	4	2	14	7	6	4	0	0
4	3	2	3	4	1	14	6	2	0	0	0
2	1	3	4	4	1	10	13	12	8	0	0
4	2	3	1	4	3	14	6	4	0	0	0
4	3	2	2	1	3	14	6	2	7	0	0
4	3	2	1	3	4	12	4	2	0	0	0
4	2	3	1	2	3	14	6	4	7	0	0
4	1	3	2	4	3	12	5	4	2	0	0
4	3	2	1	2	1	12	4	3	1	0	0
4	2	1	3	4	2	14	6	5	4	0	0
4	3	1	2	4	3	12	4	1	2	0	0
2	4	3	4	1	2	10	8	4	0	0	0
4	3	1	3	4	2	12	4	0	0	0	0
4	1	2	3	3	4	14	7	6	4	0	0
2	1	4	3	4	2	10	9	8	0	0	0
1	4	2	3	4	2	13	8	2	0	0	0
1	2	4	3	4	2	13	14	8	4	0	0
1	2	4	3	3	4	15	14	12	4	0	0
1	4	2	3	4	3	15	8	0	0	0	0
1	4	2	3	4	1	15	8	2	0	0	0
1	4	3	2	4	3	13	8	6	2	0	0
1	4	3	2	4	3	15	8	0	0	0	0
1	2	4	3	3	1	15	14	12	4	0	0
1	2	3	4	4	1	15	10	12	8	0	0
1	2	4	3	4	1	15	14	8	0	0	0
1	3	4	2	2	1	15	14	10	2	0	0
1	2	3	4	4	3	15	14	12	8	0	0
1	4	3	2	3	4	15	12	4	0	0	0
1	4	3	2	4	1	15	8	4	0	0	0
1	3	4	2	4	3	15	14	8	2	0	0
1	2	3	4	3	2	15	14	12	8	0	0
1	3	4	2	3	4	13	12	8	2	0	0
1	4	2	3	4	2	15	14	6	4	0	0
1	2	4	3	3	2	15	14	12	4	0	0
1	4	3	2	4	2	13	8	0	0	0	0
1	3	2	4	1	3	15	14	10	8	0	0
1	4	3	2	4	3	13	8	0	2	0	0
1	3	2	4	3	4	13	12	10	8	0	0
1	4	2	3	2	4	15	14	6	4	0	0
1	3	4	2	4	1	13	12	8	0	0	0
1	3	4	2	4	3	15	12	8	0	0	0
1	4	3	2	4	1	15	8	0	2	0	0
1	3	4	2	4	1	15	14	8	2	0	0
1	4	3	2	4	3	13	12	4	2	0	0
1	2	3	4	4	1	13	14	12	8	0	0
1	4	2	3	4	2	15	8	2	4	0	0
1	2	4	3	4	1	15	10	8	0	0	0
1	4	2	3	4	3	15	8	6	4	0	0
1	4	2	3	4	2	13	8	0	4	0	0
1	3	4	2	4	3	13	12	8	2	0	0
1	4	2	3	4	2	15	8	0	0	0	0
1	4	3	2	2	3	15	14	6	2	0	0
1	3	4	2	4	2	13	14	8	2	0	0
1	3	2	4	4	3	15	14	10	8	0	0
1	3	4	2	2	3	15	14	10	2	0	0
1	2	4	3	4	1	13	10	8	0	0	0
1	3	2	4	3	2	15	14	10	8	0	0
1	4	3	2	4	3	15	12	4	0	0	0
1	2	3	4	4	2	15	14	12	8	0	0
1	4	3	2	4	2	13	8	6	2	0	0
1	4	3	2	1	4	15	14	6	2	0	0
1	3	4	2	3	1	15	14	10	2	0	0
1	4	2	3	4	3	13	8	0	0	0	0
1	4	2	3	4	1	15	8	0	4	0	0
1	2	3	4	4	2	13	10	12	8	0	0
1	4	2	3	4	1	15	8	0	0	0	0
1	4	2	3	1	2	15	14	6	4	0	0
1	2	3	4	1	4	15	14	12	8	0	0
1	3	4	2	4	2	15	14	10	2	0	0
1	2	4	3	1	2	15	14	12	4	0	0
1	2	4	3	4	2	13	14	8	0	0	0
1	2	3	4	2	4	15	14	12	8	0	0
1	4	2	3	4	1	13	8	0	0	0	0
1	2	3	4	1	3	15	14	12	8	0	0
1	2	3	4	2	3	15	14	12	8	0	0
1	2	4	3	4	3	13	14	8	4	0	0
1	4	2	3	4	2	15	8	6	4	0	0
1	2	3	4	4	2	15	10	12	8	0	0
1	2	3	4	4	3	15	10	12	8	0	0
1	4	2	3	4	3	15	14	6	4	0	0
1	3	2	4	4	2	15	14	10	8	0	0
1	2	4	3	4	3	15	10	8	4	0	0
1	2	4	3	4	3	13	14	8	0	0	0
1	4	2	3	4	3	15	12	6	4	0	0
1	2	3	4	4	3	13	14	12	8	0	0
1	4	2	3	4	3	13	8	2	0	0	0
1	4	3	2	4	3	13	8	6	0	0	0
1	2	4	3	4	2	13	10	8	0	0	0
1	4	3	2	4	1	13	8	6	2	0	0
1	4	3	2	4	3	13	8	0	0	0	0
1	4	3	2	4	3	15	8	4	0	0	0
1	3	2	4	4	2	13	12	10	8	0	0
1	2	4	3	4	3	15	10	8	0	0	0
1	2	4	3	4	3	13	10	8	4	0	0
1	4	2	3	4	1	13	8	6	0	0	0
1	4	3	2	1	2	15	14	6	2	0	0
1	3	2	4	4	3	15	12	10	8	0	0
1	2	4	3	4	1	15	14	12	4	0	0
1	2	4	3	4	2	15	10	8	4	0	0
1	4	3	2	4	2	15	8	4	0	0	0
1	4	2	3	4	1	15	8	6	0	0	0
1	4	3	2	3	4	13	12	4	2	0	0
1	2	3	4	4	3	13	10	12	8	0	0
1	4	2	3	3	4	15	12	6	4	0	0
1	3	4	2	3	4	15	14	10	2	0	0
1	2	4	3	3	4	13	14	12	4	0	0
1	4	3	2	4	1	15	14	6	2	0	0
1	2	3	4	2	1	15	14	12	8	0	0
1	3	4	2	4	3	15	14	8	0	0	0
1	3	4	2	4	1	15	14	10	2	0	0
1	3	4	2	4	3	15	14	10	2	0	0
1	2	4	3	1	3	15	14	12	4	0	0
1	4	3	2	4	3	15	8	4	2	0	0
1	4	3	2	4	2	13	8	0	2	0	0
1	2	4	3	4	1	13	14	8	4	0	0
1	4	3	2	4	2	15	8	0	0	0	0
1	3	2	4	4	3	13	14	10	8	0	0
1	4	2	3	3	2	15	14	6	4	0	0
1	2	4	3	4	3	13	10	8	0	0	0
1	3	2	4	4	1	15	14	10	8	0	0
1	4	3	2	4	2	15	8	0	2	0	0
1	4	3	2	3	4	15	12	4	2	0	0
1	4	2	3	4	1	13	8	2	4	0	0
1	3	4	2	4	1	15	12	8	0	0	0
1	4	2	3	4	1	15	8	6	4	0	0
1	4	3	2	4	1	15	8	0	0	0	0
1	2	4	3	4	3	13	14	12	4	0	0
1	4	2	3	4	2	15	8	0	4	0	0
1	4	3	2	4	1	15	8	6	2	0	0
1	4	3	2	4	3	13	8	4	0	0	0
1	4	2	3	4	3	13	8	6	4	0	0
1	4	2	3	4	3	13	8	6	0	0	0
1	2	4	3	4	3	15	14	8	4	0	0
1	3	2	4	4	1	15	12	10	8	0	0
1	3	4	2	4	2	13	14	8	0	0	0
1	3	4	2	4	3	13	14	8	2	0	0
1	4	2	3	4	2	15	8	2	0	0	0
1	4	3	2	4	1	13	8	4	0	0	0
1	4	3	2	4	3	15	8	6	2	0	0
1	3	4	2	3	2	15	14	10	2	0	0
1	4	3	2	4	3	15	14	6	2	0	0
1	2	4	3	4	2	15	10	8	0	0	0
1	2	3	4	4	1	15	14	12	8	0	0
1	3	2	4	2	3	15	14	10	8	0	0
1	3	2	4	4	2	13	14	10	8	0	0
1	2	4	3	2	1	15	14	12	4	0	0
1	4	3	2	2	4	15	14	6	2	0	0
1	4	2	3	4	1	13	8	6	4	0	0
1	4	3	2	4	2	15	8	6	2	0	0
1	4	3	2	4	3	15	8	0	2	0	0
1	3	2	4	3	1	15	14	10	8	0	0
1	4	3	2	4	2	13	8	6	0	0	0
1	4	3	2	4	3	13	12	4	0	0	0
1	4	3	2	4	2	15	8	6	0	0	0
1	3	2	4	2	4	15	14	10	8	0	0
1	4	3	2	4	3	15	12	4	2	0	0
1	4	2	3	4	2	13	8	0	0	0	0
1	3	4	2	4	1	15	14	8	0	0	0
1	4	3	2	2	1	15	14	6	2	0	0
1	4	3	2	4	1	13	8	4	2	0	0
1	4	2	3	4	3	15	8	6	0	0	0
1	4	3	2	3	1	15	14	6	2	0	0
1	4	2	3	4	2	15	8	6	0	0	0
1	4	3	2	4	1	13	8	0	2	0	0
1	2	4	3	4	3	15	14	8	0	0	0
1	2	3	4	3	4	13	14	12	8	0	0
1	4	3	2	4	1	13	8	0	0	0	0
1	4	2	3	4	1	13	8	0	4	0	0
1	2	3	4	4	2	13	14	12	8	0	0
1	3	4	2	1	4	15	14	10	2	0	0
1	3	4	2	3	4	15	12	8	2	0	0
1	3	2	4	2	1	15	14	10	8	0	0
1	2	3	4	1	2	15	14	12	8	0	0
1	4	2	3	4	3	15	8	2	0	0	0
1	2	4	3	4	2	15	14	8	4	0	0
1	4	2	3	4	3	13	8	2	4	0	0
1	4	2	3	4	2	13	8	6	0	0	0
1	4	2	3	3	4	15	14	6	4	0	0
1	2	4	3	4	2	15	14	8	0	0	0
1	3	2	4	1	2	15	14	10	8	0	0
1	3	2	4	4	1	13	12	10	8	0	0
1	4	3	2	4	1	13	8	6	0	0	0
1	3	4	2	4	1	15	12	8	2	0	0
1	4	2	3	4	3	15	8	2	4	0	0
1	4	3	2	4	1	15	8	4	2	0	0
1	3	2	4	3	4	15	12	10	8	0	0
1	3	4	2	4	2	13	12	8	2	0	0
1	3	2	4	3	4	15	14	10	8	0	0
1	3	4	2	4	1	13	12	8	2	0	0
1	4	2	3	2	3	15	14	6	4	0	0
1	4	2	3	2	1	15	14	6	4	0	0
1	4	2	3	3	4	13	12	6	4	0	0
1	2	3	4	3	1	15	14	12	8	0	0
1	3	2	4	4	1	13	14	10	8	0	0
1	4	3	2	4	2	15	14	6	2	0	0
1	4	3	2	4	1	15	8	6	0	0	0
1	4	2	3	4	2	13	8	6	4	0	0
1	4	3	2	3	4	13	12	4	0	0	0
1	3	4	2	4	3	15	12	8	2	0	0
1	2	4	3	4	1	13	10	8	4	0	0
1	3	4	2	1	3	15	14	10	2	0	0
1	3	4	2	4	2	15	14	8	2	0	0
1	3	2	4	4	3	13	12	10	8	0	0
1	3	4	2	4	1	13	14	8	2	0	0
1	2	4	3	4	2	15	14	12	4	0	0
1	3	4	2	4	3	13	12	8	0	0	0
1	4	2	3	3	1	15	14	6	4	0	0
1	4	3	2	4	2	13	8	4	2	0	0
1	3	4	2	2	4	15	14	10	2	0	0
1	4	2	3	4	3	13	12	6	4	0	0
1	2	4	3	1	4	15	14	12	4	0	0
1	3	4	2	4	2	15	14	8	0	0	0
1	3	2	4	1	4	15	14	10	8	0	0
1	4	2	3	4	3	13	8	0	4	0	0
1	3	2	4	4	2	15	12	10	8	0	0
1	4	2	3	4	1	15	14	6	4	0	0
1	4	3	2	4	2	15	8	4	2	0	0
1	4	3	2	1	3	15	14	6	2	0	0
1	2	4	3	4	2	13	10	8	4	0	0
1	3	4	2	1	2	15	14	10	2	0	0
1	2	4	3	2	4	15	14	12	4	0	0
1	4	2	3	4	2	13	8	2	4	0	0
1	2	4	3	4	1	15	14	8	4	0	0
1	3	4	2	4	2	15	12	8	0	0	0
1	2	3	4	3	4	15	14	12	8	0	0
1	4	2	3	4	3	15	8	0	4	0	0
1	4	3	2	3	2	15	14	6	2	0	0
1	3	4	2	4	3	13	14	8	0	0	0
1	4	3	2	4	3	13	8	4	2	0	0
1	4	2	3	1	3	15	14	6	4	0	0
1	2	4	3	4	1	15	10	8	4	0	0
1	3	4	2	4	2	13	12	8	0	0	0
1	4	3	2	4	3	15	8	6	0	0	0
1	4	3	2	4	2	13	8	4	0	0	0
1	3	4	2	4	1	13	14	8	0	0	0
1	4	2	3	1	4	15	14	6	4	0	0
1	3	4	2	3	4	15	12	8	0	0	0
1	4	2	3	4	1	13	8	2	0	0	0
1	3	4	2	3	4	13	12	8	0	0	0
1	4	3	2	3	4	15	14	6	2	0	0
1	3	4	2	4	2	15	12	8	2	0	0
1	4	2	3	4	1	15	8	2	4	0	0
1	2	4	3	4	3	15	14	12	4	0	0
1	2	4	3	2	3	15	14	12	4	0	0
1	2	4	3	4	1	13	14	8	0	0	0
1	2	3	4	4	1	13	10	12	8	0	0
2	3	4	1	4	1	15	13	9	1	0	0
3	2	1	4	4	3	13	11	9	8	0	0
1	4	3	2	4	2	11	8	0	2	0	0
1	2	3	4	4	3	11	10	12	8	0	0
1	4	3	2	4	2	11	8	4	0	0	0
1	4	2	3	4	1	11	8	6	0	0	0
1	4	3	2	4	3	11	8	0	2	0	0
1	3	4	2	4	2	11	12	8	0	0	0
3	1	4	2	4	1	13	9	8	2	0	0
2	4	1	3	4	1	15	13	5	4	0	0
2	3	4	1	3	1	15	13	9	1	0	0
1	4	2	3	4	3	11	8	2	0	0	0
2	1	3	4	3	1	15	13	12	8	0	0
1	4	2	3	4	2	11	8	0	4	0	0
1	4	3	2	4	3	11	8	6	0	0	0
2	3	4	1	4	2	15	13	8	1	0	0
2	4	3	1	4	3	15	8	4	0	0	0
2	3	1	4	4	3	15	13	9	8	0	0
2	1	4	3	4	1	15	13	8	4	0	0
2	4	1	3	3	4	15	13	5	4	0	0
2	4	1	3	2	1	15	13	5	4	0	0
2	1	4	3	2	1	15	13	12	4	0	0
2	3	4	1	1	4	15	13	9	1	0	0
3	4	1	2	4	1	13	8	1	0	0	0
1	2	3	4	4	1	11	14	12	8	0	0
3	4	2	1	4	1	13	8	0	0	0	0
3	2	4	1	4	3	13	11	8	1	0	0
3	2	1	4	4	3	13	10	9	8	0	0
2	4	3	1	3	4	15	12	4	0	0	0
2	4	3	1	4	2	15	8	0	1	0	0
1	4	2	3	4	1	11	8	0	0	0	0
2	4	1	3	4	3	15	8	1	0	0	0
2	4	3	1	4	3	15	8	0	0	0	0
2	1	4	3	4	3	15	9	8	4	0	0
2	4	1	3	4	1	15	8	5	0	0	0
2	3	1	4	3	4	15	13	9	8	0	0
1	4	2	3	4	3	11	8	0	4	0	0
3	4	2	1	4	3	13	8	3	1	0	0
2	4	1	3	4	1	15	8	5	4	0	0
1	4	2	3	4	3	11	8	6	4	0	0
3	4	1	2	4	3	13	8	1	2	0	0
2	3	4	1	1	2	15	13	9	1	0	0
3	4	2	1	4	1	13	8	0	1	0	0
2	3	1	4	2	4	15	13	9	8	0	0
2	4	1	3	4	2	15	8	5	0	0	0
2	3	4	1	4	2	15	13	8	0	0	0
3	4	2	1	4	1	13	8	3	1	0	0
1	3	4	2	4	3	11	12	8	2	0	0
1	3	2	4	4	1	11	12	10	8	0	0
1	2	4	3	4	1	11	14	8	4	0	0
2	1	4	3	4	3	15	13	8	4	0	0
3	2	1	4	4	2	13	10	9	8	0	0
2	4	3	1	4	2	15	8	5	0	0	0
1	4	2	3	4	1	11	8	6	4	0	0
2	4	1	3	4	3	15	8	5	0	0	0
1	2	4	3	4	3	11	14	8	0	0	0
3	4	1	2	4	3	13	8	0	0	0	0
2	4	1	3	4	2	15	8	0	4	0	0
2	3	4	1	4	3	15	12	8	1	0	0
3	2	4	1	4	3	13	11	8	0	0	0
1	3	4	2	4	1	11	14	8	2	0	0
2	3	4	1	2	1	15	13	9	1	0	0
2	4	3	1	4	1	15	8	0	0	0	0
3	4	1	2	4	3	13	8	3	0	0	0
2	1	3	4	3	4	15	13	12	8	0	0
3	4	2	1	4	2	13	8	3	1	0	0
2	3	4	1	2	4	15	13	9	1	0	0
3	2	1	4	4	1	13	10	9	8	0	0
2	1	3	4	4	3	15	9	12	8	0	0
2	4	1	3	4	3	15	12	5	4	0	0
3	4	1	2	4	1	13	8	3	2	0	0
3	2	4	1	4	1	13	10	8	0	0	0
1	4	3	2	4	2	11	8	0	0	0	0
2	4	3	1	1	2	15	13	5	1	0	0
1	2	4	3	4	2	11	10	8	4	0	0
2	4	1	3	4	3	15	8	1	4	0	0
1	4	2	3	4	3	11	8	2	4	0	0
3	1	4	2	4	3	13	11	8	0	0	0
2	3	1	4	4	3	15	12	9	8	0	0
2	4	1	3	4	1	15	8	0	4	0	0
2	4	3	1	4	3	15	13	5	1	0	0
1	3	4	2	4	1	11	14	8	0	0	0
1	4	2	3	4	2	11	8	2	0	0	0
3	4	1	2	4	2	13	8	0	2	0	0
1	3	2	4	4	2	11	12	10	8	0	0
1	2	3	4	4	1	11	10	12	8	0	0
3	4	1	2	4	2	13	8	1	0	0	0
2	3	1	4	2	1	15	13	9	8	0	0
2	3	1	4	3	1	15	13	9	8	0	0
3	1	4	2	4	3	13	9	8	0	0	0
2	1	3	4	1	3	15	13	12	8	0	0
2	3	4	1	4	1	15	12	8	1	0	0
2	4	1	3	4	3	15	8	0	4	0	0
2	3	4	1	4	3	15	13	8	0	0	0
1	3	4	2	4	2	11	14	8	2	0	0
2	4	1	3	4	2	15	8	5	4	0	0
2	4	3	1	4	3	15	12	4	0	0	0
2	3	1	4	4	2	15	12	9	8	0	0
2	3	4	1	4	2	15	13	9	1	0	0
1	2	4	3	4	2	11	14	8	0	0	0
2	3	1	4	4	2	15	13	9	8	0	0
2	4	3	1	4	3	15	8	4	1	0	0
1	2	4	3	4	1	11	10	8	4	0	0
3	4	1	2	4	2	13	8	1	2	0	0
2	1	4	3	4	1	15	9	8	4	0	0
2	4	1	3	2	4	15	13	5	4	0	0
1	2	3	4	4	2	11	14	12	8	0	0
2	3	4	1	4	1	15	13	8	0	0	0
2	4	3	1	4	3	15	12	4	1	0	0
1	4	3	2	4	1	11	8	4	2	0	0
1	4	3	2	4	3	11	8	4	2	0	0
2	1	3	4	4	2	15	13	12	8	0	0
1	3	2	4	4	3	11	12	10	8	0	0
2	1	4	3	4	2	15	9	8	4	0	0
3	4	1	2	4	2	13	8	0	0	0	0
2	4	3	1	4	1	15	8	5	0	0	0
3	4	1	2	4	2	13	8	3	0	0	0
3	1	4	2	4	2	13	9	8	0	0	0
3	2	4	1	4	1	13	11	8	1	0	0
2	4	1	3	3	2	15	13	5	4	0	0
2	4	1	3	4	2	15	8	1	4	0	0
3	1	4	2	4	3	13	11	8	2	0	0
2	1	3	4	1	2	15	13	12	8	0	0
2	3	1	4	3	2	15	13	9	8	0	0
2	3	4	1	4	3	15	12	8	0	0	0
2	4	3	1	4	1	15	8	4	0	0	0
3	2	4	1	4	1	13	11	8	0	0	0
3	4	2	1	4	1	13	8	3	0	0	0
1	4	2	3	4	2	11	8	0	0	0	0
2	3	4	1	3	2	15	13	9	1	0	0
2	4	3	1	4	2	15	8	0	0	0	0
3	2	4	1	4	2	13	11	8	1	0	0
1	3	4	2	4	1	11	12	8	2	0	0
2	1	3	4	4	3	15	13	12	8	0	0
1	2	3	4	4	2	11	10	12	8	0	0
3	2	4	1	4	3	13	10	8	1	0	0
2	4	1	3	4	1	15	8	1	0	0	0
1	4	2	3	4	3	11	8	6	0	0	0
2	3	4	1	3	4	15	12	8	0	0	0
1	3	4	2	4	2	11	14	8	0	0	0
1	4	2	3	4	1	11	8	0	4	0	0
1	3	2	4	4	1	11	14	10	8	0	0
1	2	4	3	4	1	11	10	8	0	0	0
2	4	3	1	4	1	15	8	4	1	0	0
3	2	4	1	4	2	13	10	8	0	0	0
1	4	2	3	4	2	11	8	2	4	0	0
3	1	4	2	4	3	13	9	8	2	0	0
2	1	4	3	3	1	15	13	12	4	0	0
1	2	3	4	4	3	11	14	12	8	0	0
2	4	3	1	4	2	15	13	5	1	0	0
1	2	4	3	4	2	11	10	8	0	0	0
3	1	4	2	4	2	13	11	8	0	0	0
2	4	3	1	4	3	15	8	5	1	0	0
3	4	2	1	4	2	13	8	0	0	0	0
3	4	2	1	4	2	13	8	3	0	0	0
1	4	3	2	4	1	11	8	0	2	0	0
2	3	4	1	3	4	15	13	9	1	0	0
3	4	2	1	4	2	13	8	2	1	0	0
3	1	4	2	4	1	13	11	8	0	0	0
2	4	1	3	4	2	15	13	5	4	0	0
2	1	3	4	4	1	15	9	12	8	0	0
3	4	2	1	4	3	13	8	3	0	0	0
1	4	2	3	4	1	11	8	2	0	0	0
3	4	1	2	4	3	13	8	1	0	0	0
1	3	2	4	4	3	11	14	10	8	0	0
3	1	4	2	4	2	13	11	8	2	0	0
2	1	3	4	3	2	15	13	12	8	0	0
1	2	4	3	4	3	11	10	8	4	0	0
3	1	4	2	4	1	13	11	8	2	0	0
1	3	4	2	4	2	11	12	8	2	0	0
3	4	1	2	4	3	13	8	3	2	0	0
2	1	4	3	4	3	15	13	12	4	0	0
3	4	1	2	4	1	13	8	1	2	0	0
3	1	2	4	4	2	13	11	10	8	0	0
3	1	2	4	4	1	13	9	10	8	0	0
2	1	3	4	4	1	15	13	12	8	0	0
2	3	4	1	4	1	15	13	8	1	0	0
2	1	4	3	3	4	15	13	12	4	0	0
1	4	3	2	4	2	11	8	6	2	0	0
2	3	4	1	4	2	15	12	8	0	0	0
1	4	2	3	4	2	11	8	6	4	0	0
2	1	4	3	4	3	15	13	8	0	0	0
2	3	1	4	4	1	15	13	9	8	0	0
2	4	3	1	3	2	15	13	5	1	0	0
1	4	3	2	4	1	11	8	6	0	0	0
1	4	3	2	4	2	11	8	6	0	0	0
2	1	4	3	1	2	15	13	12	4	0	0
1	2	4	3	4	3	11	10	8	0	0	0
2	1	4	3	4	2	15	13	12	4	0	0
3	4	1	2	4	1	13	8	3	0	0	0
3	2	1	4	4	1	13	11	9	8	0	0
1	3	4	2	4	3	11	12	8	0	0	0
2	4	1	3	4	3	15	8	5	4	0	0
2	1	3	4	4	2	15	9	12	8	0	0
3	4	2	1	4	1	13	8	2	0	0	0
2	1	4	3	1	4	15	13	12	4	0	0
3	4	2	1	4	3	13	8	2	1	0	0
3	1	4	2	4	2	13	9	8	2	0	0
2	4	1	3	1	2	15	13	5	4	0	0
3	2	4	1	4	3	13	10	8	0	0	0
3	1	2	4	4	3	13	11	10	8	0	0
1	4	3	2	4	1	11	8	0	0	0	0
3	4	2	1	4	3	13	8	2	0	0	0
2	1	4	3	2	4	15	13	12	4	0	0
2	4	3	1	4	2	15	8	4	0	0	0
2	1	4	3	4	1	15	13	12	4	0	0
1	2	4	3	4	2	11	14	8	4	0	0
2	3	4	1	4	1	15	12	8	0	0	0
2	1	4	3	4	2	15	9	8	0	0	0
1	4	2	3	4	1	11	8	2	4	0	0
2	4	1	3	1	4	15	13	5	4	0	0
2	3	1	4	1	2	15	13	9	8	0	0
2	1	3	4	2	4	15	13	12	8	0	0
1	4	2	3	4	2	11	8	6	0	0	0
2	4	3	1	1	4	15	13	5	1	0	0
2	4	3	1	4	1	15	8	5	1	0	0
2	4	3	1	4	3	15	8	5	0	0	0
2	4	3	1	4	3	15	8	0	1	0	0
2	4	1	3	3	4	15	12	5	4	0	0
3	4	1	2	4	1	13	8	0	0	0	0
3	4	1	2	4	2	13	8	3	2	0	0
2	1	4	3	3	2	15	13	12	4	0	0
2	3	4	1	2	3	15	13	9	1	0	0
2	4	1	3	4	1	15	8	0	0	0	0
2	4	3	1	1	3	15	13	5	1	0	0
1	4	3	2	4	2	11	8	4	2	0	0
1	4	2	3	4	3	11	8	0	0	0	0
2	3	1	4	3	4	15	12	9	8	0	0
3	4	2	1	4	1	13	8	2	1	0	0
2	4	1	3	3	1	15	13	5	4	0	0
3	1	4	2	4	1	13	9	8	0	0	0
1	4	3	2	4	3	11	8	4	0	0	0
2	1	3	4	1	4	15	13	12	8	0	0
2	3	4	1	4	3	15	13	9	1	0	0
2	4	1	3	2	3	15	13	5	4	0	0
2	4	3	1	2	4	15	13	5	1	0	0
2	4	3	1	4	2	15	8	4	1	0	0
2	3	1	4	1	3	15	13	9	8	0	0
3	2	4	1	4	1	13	10	8	1	0	0
3	1	2	4	4	3	13	9	10	8	0	0
2	3	4	1	4	3	15	13	8	1	0	0
2	3	1	4	4	1	15	12	9	8	0	0
1	2	4	3	4	3	11	14	8	4	0	0
2	3	4	1	3	4	15	12	8	1	0	0
3	1	2	4	4	1	13	11	10	8	0	0
3	4	2	1	4	3	13	8	0	1	0	0
2	4	3	1	3	1	15	13	5	1	0	0
2	1	3	4	2	3	15	13	12	8	0	0
2	4	3	1	4	2	15	8	5	1	0	0
3	4	2	1	4	2	13	8	0	1	0	0
1	4	3	2	4	1	11	8	4	0	0	0
2	1	4	3	4	2	15	13	8	4	0	0
1	3	4	2	4	1	11	12	8	0	0	0
3	2	4	1	4	2	13	10	8	1	0	0
2	1	4	3	2	3	15	13	12	4	0	0
2	1	3	4	2	1	15	13	12	8	0	0
1	3	4	2	4	3	11	14	8	2	0	0
1	3	2	4	4	2	11	14	10	8	0	0
3	2	4	1	4	2	13	11	8	0	0	0
2	1	4	3	4	1	15	9	8	0	0	0
2	3	4	1	1	3	15	13	9	1	0	0
2	4	3	1	3	4	15	13	5	1	0	0
2	1	4	3	4	3	15	9	8	0	0	0
1	4	3	2	4	3	11	8	6	2	0	0
3	4	1	2	4	3	13	8	0	2	0	0
2	4	1	3	4	3	15	8	0	0	0	0
3	4	2	1	4	3	13	8	0	0	0	0
2	3	1	4	2	3	15	13	9	8	0	0
2	4	1	3	4	3	15	13	5	4	0	0
2	4	3	1	2	3	15	13	5	1	0	0
1	2	4	3	4	1	11	14	8	0	0	0
2	1	4	3	4	1	15	13	8	0	0	0
2	1	4	3	1	3	15	13	12	4	0	0
1	3	4	2	4	3	11	14	8	0	0	0
2	4	3	1	3	4	15	12	4	1	0	0
1	4	3	2	4	3	11	8	0	0	0	0
3	1	2	4	4	2	13	9	10	8	0	0
2	4	1	3	4	2	15	8	1	0	0	0
2	3	4	1	4	2	15	12	8	1	0	0
2	4	3	1	4	1	15	13	5	1	0	0
2	4	1	3	4	2	15	8	0	0	0	0
2	3	1	4	1	4	15	13	9	8	0	0
2	4	3	1	4	1	15	8	0	1	0	0
3	4	1	2	4	1	13	8	0	2	0	0
2	4	3	1	2	1	15	13	5	1	0	0
2	4	1	3	1	3	15	13	5	4	0	0
3	4	2	1	4	2	13	8	2	0	0	0
3	2	1	4	4	2	13	11	9	8	0	0
2	4	1	3	4	1	15	8	1	4	0	0
2	1	4	3	4	2	15	13	8	0	0	0
1	4	3	2	4	1	11	8	6	2	0	0
4	2	1	3	4	3	8	3	0	0	0	0
3	1	4	2	4	1	15	11	8	2	0	0
4	2	3	1	4	2	8	7	4	1	0	0
3	4	1	2	4	3	15	11	3	2	0	0
4	1	2	3	4	1	8	1	6	0	0	0
4	1	3	2	4	3	8	7	0	2	0	0
4	3	1	2	4	1	8	5	1	0	0	0
4	2	3	1	4	3	8	7	4	1	0	0
2	1	4	3	4	1	11	9	8	4	0	0
4	1	2	3	4	2	8	3	0	4	0	0
2	3	1	4	4	3	11	12	9	8	0	0
3	4	1	2	4	1	15	8	3	2	0	0
4	3	1	2	4	3	8	4	1	2	0	0
4	2	1	3	4	2	8	6	1	0	0	0
4	3	1	2	4	2	8	4	3	2	0	0
4	3	1	2	4	1	8	5	1	2	0	0
4	2	1	3	4	3	8	2	1	4	0	0
4	2	1	3	4	2	8	0	5	0	0	0
4	2	1	3	4	2	8	2	1	4	0	0
4	2	3	1	4	3	8	0	5	1	0	0
4	2	3	1	4	1	8	2	5	1	0	0
3	4	1	2	4	1	15	8	0	0	0	0
3	1	2	4	2	3	15	11	10	8	0	0
4	3	1	2	4	1	8	0	0	2	0	0
4	2	3	1	4	3	8	3	4	1	0	0
4	2	3	4	1	3	8	6	0	0	0	0
4	1	2	3	4	2	8	1	0	0	0	0
4	2	1	3	4	1	8	3	5	0	0	0
4	3	1	2	4	3	8	0	0	0	0	0
4	3	1	4	2	3	8	4	0	0	0	0
2	4	1	3	4	3	11	8	1	4	0	0
4	2	3	1	4	1	8	6	4	1	0	0
4	1	2	3	4	1	8	5	0	0	0	0
4	2	1	3	4	1	8	0	0	4	0	0
4	2	1	3	4	1	8	3	1	4	0	0
4	3	2	1	4	3	8	5	3	0	0	0
3	4	2	1	4	1	15	8	3	0	0	0
4	2	3	1	4	3	8	3	5	1	0	0
3	2	4	1	4	2	15	11	8	0	0	0
3	2	1	4	3	4	15	11	9	8	0	0
4	3	2	1	4	1	8	6	0	0	0	0
4	2	1	3	4	1	8	3	0	4	0	0
3	4	1	2	4	2	15	8	3	0	0	0
3	4	1	2	4	3	15	8	0	2	0	0
4	3	2	1	4	2	8	0	0	0	0	0
4	1	3	2	4	3	8	7	6	2	0	0
4	2	3	1	4	3	8	2	4	0	0	0
3	4	1	2	4	2	15	8	3	2	0	0
4	2	3	1	4	3	8	7	4	0	0	0
3	1	2	4	4	3	15	11	10	8	0	0
4	3	1	2	4	1	8	6	0	2	0	0
4	3	2	1	4	3	8	4	0	0	0	0
4	3	2	1	4	1	8	6	0	1	0	0
4	2	3	1	4	3	8	0	5	0	0	0
4	3	2	1	4	2	8	5	3	1	0	0
4	1	3	2	4	3	8	3	0	0	0	0
4	2	1	3	4	2	8	0	0	4	0	0
3	2	1	4	4	1	15	10	9	8	0	0
2	4	3	1	4	1	11	8	0	0	0	0
4	3	1	2	4	3	8	4	3	0	0	0
4	3	2	1	4	3	8	0	0	0	0	0
3	4	1	2	4	1	15	8	3	0	0	0
4	2	1	3	4	3	8	0	5	0	0	0
4	3	1	2	4	2	8	5	3	2	0	0
2	3	1	4	4	1	11	13	9	8	0	0
3	4	1	2	4	2	15	8	0	2	0	0
4	3	2	1	4	2	8	4	0	0	0	0
4	1	3	2	4	1	8	0	4	2	0	0
4	1	2	3	4	1	8	3	2	0	0	0
4	2	3	1	4	2	8	6	5	0	0	0
4	3	1	2	4	1	8	0	0	0	0	0
3	4	2	1	1	4	15	11	3	1	0	0
2	1	3	4	4	3	11	13	12	8	0	0
3	4	2	1	4	1	15	8	2	0	0	0
4	1	3	2	4	1	8	3	4	2	0	0
4	1	2	3	4	2	8	7	0	0	0	0
2	4	3	1	4	3	11	8	0	0	0	0
4	3	2	1	4	3	8	5	2	0	0	0
3	4	2	1	4	1	15	8	3	1	0	0
4	3	1	2	4	2	8	6	0	2	0	0
3	4	1	2	4	1	15	11	3	2	0	0
4	1	2	3	4	2	8	7	2	4	0	0
4	3	1	2	4	3	8	5	0	0	0	0
2	4	3	1	4	2	11	8	0	0	0	0
2	3	1	4	4	1	11	12	9	8	0	0
4	2	3	1	4	2	8	0	0	0	0	0
4	3	1	2	4	1	8	5	0	0	0	0
4	1	2	3	4	3	8	7	2	4	0	0
4	1	3	2	4	3	8	5	4	2	0	0
4	1	3	2	4	3	8	1	0	2	0	0
4	3	2	1	4	1	8	7	0	1	0	0
4	1	2	3	4	1	8	0	0	4	0	0
4	1	2	3	4	3	8	1	6	4	0	0
4	1	2	3	4	2	8	3	6	4	0	0
4	2	1	3	4	2	8	3	0	0	0	0
4	2	3	1	4	3	8	2	4	1	0	0
4	3	2	1	4	3	8	0	2	0	0	0
4	2	1	3	4	3	8	6	0	4	0	0
3	2	4	1	4	1	15	11	8	0	0	0
2	1	3	4	4	1	11	9	12	8	0	0
4	3	2	1	4	1	8	0	2	1	0	0
3	2	4	1	2	4	15	11	9	1	0	0
4	2	3	1	4	2	8	7	5	0	0	0
3	2	1	4	2	1	15	11	9	8	0	0
4	2	3	1	4	1	8	7	0	0	0	0
2	3	4	1	4	1	11	13	8	0	0	0
4	2	1	3	4	3	8	6	1	4	0	0
3	4	2	1	4	3	15	8	0	1	0	0
4	2	3	1	4	3	8	3	0	1	0	0
4	2	1	3	4	1	8	0	0	0	0	0
4	1	3	2	4	1	8	1	0	2	0	0
4	2	3	1	4	2	8	3	0	0	0	0
4	1	3	2	4	1	8	5	0	2	0	0
4	2	1	3	4	2	8	0	1	4	0	0
4	2	3	1	4	1	8	3	4	0	0	0
4	3	2	4	1	3	8	6	0	0	0	0
4	1	3	2	4	2	8	7	4	0	0	0
4	3	1	2	4	3	8	7	0	0	0	0
4	1	2	3	4	1	8	1	6	4	0	0
4	2	3	1	4	3	8	7	0	1	0	0
4	3	2	1	4	2	8	7	0	1	0	0
4	2	3	1	4	3	8	7	5	1	0	0
3	1	4	2	4	1	15	9	8	2	0	0
2	4	3	1	4	2	11	8	0	1	0	0
4	2	3	1	4	2	8	2	0	0	0	0
4	2	3	1	4	1	8	7	0	1	0	0
4	1	2	3	4	1	8	5	6	0	0	0
3	1	4	2	3	2	15	11	10	2	0	0
3	2	4	1	4	2	15	11	8	1	0	0
4	3	1	2	4	3	8	7	0	2	0	0
3	4	2	1	4	2	15	8	0	1	0	0
2	3	4	1	4	3	11	12	8	0	0	0
4	3	2	1	4	3	8	7	0	1	0	0
4	2	3	1	4	3	8	3	0	0	0	0
4	2	1	3	4	3	8	3	0	4	0	0
4	3	1	2	4	1	8	7	3	0	0	0
4	3	2	1	4	2	8	6	2	1	0	0
4	2	3	1	4	3	8	0	0	0	0	0
4	1	3	2	4	1	8	0	0	0	0	0
4	3	1	2	4	1	8	6	3	2	0	0
4	1	3	2	4	2	8	3	4	0	0	0
4	3	2	1	4	3	8	4	0	1	0	0
4	2	3	1	4	2	8	2	4	0	0	0
4	1	3	2	4	3	8	1	0	0	0	0
3	1	4	2	4	3	15	11	8	0	0	0
4	3	2	1	4	3	8	7	0	0	0	0
4	2	3	1	4	3	8	6	0	1	0	0
4	3	2	1	4	3	8	6	0	0	0	0
3	1	2	4	3	2	15	11	10	8	0	0
4	1	3	2	4	2	8	7	0	0	0	0
3	4	1	2	4	3	15	8	1	2	0	0
4	1	3	2	4	3	8	7	4	0	0	0
3	4	2	1	4	3	15	8	3	0	0	0
4	1	3	2	4	3	8	1	4	2	0	0
4	3	2	1	4	2	8	6	2	0	0	0
4	1	2	3	4	3	8	1	6	0	0	0
4	1	3	2	4	3	8	0	4	0	0	0
2	1	3	4	4	1	11	13	12	8	0	0
4	3	2	1	4	2	8	0	3	1	0	0
2	4	1	3	4	1	11	8	5	0	0	0
4	1	3	2	4	2	8	3	0	0	0	0
4	1	3	2	4	3	8	0	4	2	0	0
4	1	3	2	4	1	8	5	4	0	0	0
2	4	1	3	4	2	11	8	5	0	0	0
4	1	2	3	4	1	8	3	6	4	0	0
2	4	3	1	4	3	11	8	4	0	0	0
3	4	2	1	3	2	15	11	3	1	0	0
4	1	2	3	4	3	8	3	6	0	0	0
3	4	1	2	2	1	15	11	3	2	0	0
4	3	1	2	4	3	8	5	0	2	0	0
4	3	1	2	4	2	8	7	1	0	0	0
4	2	3	1	4	2	8	6	4	1	0	0
4	2	1	3	4	1	8	3	0	0	0	0
4	2	1	3	4	2	8	0	1	0	0	0
4	3	2	1	4	1	8	4	2	0	0	0
4	3	2	4	1	2	8	4	0	0	0	0
4	1	2	3	4	1	8	0	2	4	0	0
4	3	2	4	1	2	8	0	0	0	0	0
4	3	2	1	4	2	8	7	0	0	0	0
2	3	4	1	4	1	11	13	8	1	0	0
2	4	1	3	4	2	11	8	0	4	0	0
4	3	1	2	4	2	8	5	1	0	0	0
4	1	3	2	4	1	8	7	0	0	0	0
4	3	1	2	4	3	8	6	3	2	0	0
4	3	2	1	4	2	8	0	2	1	0	0
3	1	2	4	1	3	15	11	10	8	0	0
4	3	1	2	4	3	8	7	3	0	0	0
4	3	2	1	4	3	8	5	0	1	0	0
4	1	2	3	4	3	8	0	0	0	0	0
4	3	2	1	4	1	8	6	3	1	0	0
4	1	2	3	4	1	8	5	2	4	0	0
3	4	1	2	3	4	15	11	3	2	0	0
2	1	4	3	4	3	11	13	8	4	0	0
2	4	1	3	4	2	11	8	1	4	0	0
4	1	3	2	4	2	8	3	6	0	0	0
4	2	1	3	4	1	8	6	0	4	0	0
4	2	1	3	4	2	8	6	5	0	0	0
4	2	3	1	4	3	8	7	5	0	0	0
4	2	3	1	4	2	8	0	4	0	0	0
4	1	2	3	4	2	8	1	2	4	0	0
4	2	3	1	4	1	8	2	0	1	0	0
3	1	4	2	4	3	15	11	10	2	0	0
4	2	1	3	4	3	8	2	0	0	0	0
4	2	3	1	4	2	8	3	5	1	0	0
4	2	1	3	4	1	8	2	1	0	0	0
4	2	1	3	4	3	8	2	5	0	0	0
4	3	1	2	4	3	8	7	1	0	0	0
4	1	2	3	4	2	8	0	0	4	0	0
4	1	3	2	4	2	8	7	6	0	0	0
2	1	4	3	4	2	11	13	8	4	0	0
2	1	4	3	4	2	11	9	8	4	0	0
3	4	2	1	4	3	15	8	3	1	0	0
4	3	1	2	4	3	8	4	3	2	0	0
4	2	3	1	4	1	8	2	0	0	0	0
4	1	3	2	4	2	8	7	6	2	0	0
4	2	3	4	1	3	8	0	4	0	0	0
4	3	2	1	4	3	8	7	3	0	0	0
4	1	2	3	4	2	8	5	0	4	0	0
4	3	2	1	4	2	8	4	3	1	0	0
2	4	1	3	4	1	11	8	1	4	0	0
4	1	2	3	4	2	8	0	6	0	0	0
4	1	2	3	4	2	8	1	0	4	0	0
4	3	2	1	4	2	8	5	0	1	0	0
2	4	3	1	4	3	11	8	4	1	0	0
4	3	1	2	4	2	8	0	3	2	0	0
4	1	2	3	4	3	8	7	6	0	0	0
2	4	1	3	4	3	11	8	5	4	0	0
4	3	2	1	4	3	8	6	2	1	0	0
4	2	3	4	1	3	8	0	0	0	0	0
3	2	4	1	1	3	15	11	9	1	0	0
4	2	3	1	4	1	8	3	5	0	0	0
4	2	1	3	4	1	8	0	1	4	0	0
3	2	1	4	2	3	15	11	9	8	0	0
4	1	2	3	4	3	8	3	0	0	0	0
4	3	1	2	4	1	8	5	0	2	0	0
4	1	2	3	4	2	8	0	6	4	0	0
4	1	3	2	4	2	8	5	6	0	0	0
4	3	1	2	4	1	8	4	0	0	0	0
4	2	1	3	4	3	8	2	5	4	0	0
4	1	3	2	4	1	8	5	6	0	0	0
2	4	1	3	4	3	11	8	0	4	0	0
4	3	2	1	4	1	8	4	2	1	0	0
4	2	1	3	4	3	8	7	0	0	0	0
4	3	1	2	4	2	8	4	0	2	0	0
4	1	3	2	4	1	8	3	6	0	0	0
4	2	3	4	1	3	8	2	4	0	0	0
4	3	2	1	4	1	8	0	3	0	0	0
4	2	3	1	4	3	8	6	0	0	0	0
4	3	1	2	4	1	8	4	3	2	0	0
4	1	3	2	4	1	8	5	6	2	0	0
3	4	2	1	4	2	15	8	3	1	0	0
4	3	2	1	4	2	8	7	3	1	0	0
3	4	1	2	4	1	15	8	1	2	0	0
4	3	2	1	4	3	8	6	0	1	0	0
4	3	1	2	4	3	8	6	1	2	0	0
3	4	2	1	4	2	15	8	0	0	0	0
3	2	4	1	4	2	15	11	9	1	0	0
2	4	1	3	4	2	11	8	1	0	0	0
4	1	3	2	4	3	8	0	6	0	0	0
4	1	2	3	4	1	8	7	6	4	0	0
4	2	1	3	4	2	8	7	1	4	0	0
3	4	1	2	4	1	15	8	1	0	0	0
2	1	3	4	4	2	11	13	12	8	0	0
4	3	2	1	4	2	8	7	2	1	0	0
4	2	3	4	1	3	8	2	0	0	0	0
4	1	3	2	4	2	8	1	6	0	0	0
4	3	1	2	4	3	8	5	3	2	0	0
2	4	1	3	4	3	11	8	5	0	0	0
3	4	2	1	1	2	15	11	3	1	0	0
4	3	1	2	4	1	8	7	0	2	0	0
3	2	1	4	2	4	15	11	9	8	0	0
3	2	4	1	3	1	15	11	9	1	0	0
4	3	2	1	4	2	8	0	2	0	0	0
3	4	1	2	4	3	15	8	1	0	0	0
4	1	3	2	4	1	8	0	6	2	0	0
4	3	1	2	4	1	8	7	3	2	0	0
4	2	1	3	4	3	8	0	1	4	0	0
4	2	3	1	4	1	8	0	0	0	0	0
3	1	4	2	2	4	15	11	10	2	0	0
4	1	2	3	4	3	8	7	6	4	0	0
4	1	3	2	4	1	8	1	0	0	0	0
4	3	2	1	4	3	8	4	3	1	0	0
4	2	3	1	4	2	8	2	4	1	0	0
4	1	2	3	4	2	8	7	6	0	0	0
4	3	1	2	4	2	8	5	0	0	0	0
4	2	1	3	4	3	8	0	0	0	0	0
3	4	2	1	4	1	15	8	2	1	0	0
4	1	2	3	4	1	8	0	6	0	0	0
4	2	1	3	4	1	8	3	5	4	0	0
4	2	3	4	1	2	8	0	4	0	0	0
4	3	1	2	4	2	8	7	1	2	0	0
4	1	2	3	4	3	8	3	6	4	0	0
4	3	2	1	4	2	8	7	3	0	0	0
4	3	1	2	4	1	8	7	0	0	0	0
3	1	2	4	4	2	15	11	10	8	0	0
4	3	2	4	1	3	8	0	0	0	0	0
4	2	1	3	4	3	8	6	0	0	0	0
4	2	3	1	4	1	8	2	4	1	0	0
4	2	1	3	4	1	8	6	1	0	0	0
3	1	2	4	3	1	15	11	10	8	0	0
4	2	3	1	4	2	8	6	0	0	0	0
4	1	2	3	4	1	8	1	0	4	0	0
4	3	2	1	4	1	8	4	3	0	0	0
2	1	4	3	4	3	11	9	8	4	0	0
4	3	2	1	4	2	8	5	2	1	0	0
2	4	1	3	4	3	11	8	0	0	0	0
4	2	3	1	4	2	8	3	0	1	0	0
4	1	3	2	4	3	8	5	4	0	0	0
4	1	2	3	4	2	8	7	6	4	0	0
4	3	1	2	4	1	8	6	0	0	0	0
4	2	3	1	4	3	8	6	5	0	0	0
4	1	2	3	4	3	8	3	2	4	0	0
3	2	4	1	4	1	15	10	8	0	0	0
3	1	4	2	4	2	15	9	8	0	0	0
4	2	1	3	4	1	8	0	5	4	0	0
4	3	2	1	4	1	8	7	2	0	0	0
4	2	1	3	4	1	8	7	1	4	0	0
4	3	4	1	2	3	8	4	0	0	0	0
4	3	2	1	4	2	8	5	0	0	0	0
2	1	4	3	4	1	11	9	8	0	0	0
4	3	1	2	4	1	8	4	0	2	0	0
4	1	3	2	4	2	8	0	4	2	0	0
4	2	1	3	4	1	8	3	1	0	0	0
4	1	3	2	4	1	8	7	6	0	0	0
3	1	4	2	2	3	15	11	10	2	0	0
4	3	2	1	4	3	8	4	3	0	0	0
4	2	1	3	4	1	8	7	1	0	0	0
4	3	1	2	4	2	8	4	0	0	0	0
4	2	1	3	4	1	8	0	5	0	0	0
4	3	1	2	4	1	8	4	1	0	0	0
3	2	4	1	4	2	15	10	8	1	0	0
4	1	3	2	4	3	8	5	0	0	0	0
4	2	3	1	4	1	8	0	5	1	0	0
4	2	3	1	4	2	8	6	4	0	0	0
4	2	3	1	4	3	8	6	5	1	0	0
4	3	1	2	4	3	8	4	1	0	0	0
3	4	1	2	4	3	15	8	3	0	0	0
4	2	3	1	4	2	8	7	0	1	0	0
4	1	2	3	4	3	8	0	2	0	0	0
4	3	1	2	4	2	8	5	0	2	0	0
4	3	1	2	4	2	8	7	0	0	0	0
4	2	3	1	4	2	8	6	0	1	0	0
4	3	2	1	4	1	8	5	0	0	0	0
3	2	4	1	3	4	15	11	9	1	0	0
3	4	1	2	4	2	15	8	0	0	0	0
4	3	1	2	4	3	8	7	1	2	0	0
4	1	2	3	4	2	8	3	2	4	0	0
4	1	2	3	4	3	8	1	2	4	0	0
4	3	2	1	4	3	8	0	3	1	0	0
4	2	1	3	4	2	8	2	0	4	0	0
3	1	4	2	1	2	15	11	10	2	0	0
4	1	2	3	4	3	8	1	0	4	0	0
4	1	2	3	4	3	8	1	2	0	0	0
4	2	1	3	4	3	8	7	0	4	0	0
3	2	4	1	4	1	15	11	8	1	0	0
4	1	3	2	4	1	8	0	4	0	0	0
3	4	2	1	4	2	15	8	3	0	0	0
3	4	1	2	2	4	15	11	3	2	0	0
4	2	1	3	4	1	8	7	0	4	0	0
4	3	2	1	4	1	8	6	2	1	0	0
3	2	1	4	3	1	15	11	9	8	0	0
4	1	3	2	4	1	8	0	6	0	0	0
4	2	1	3	4	1	8	2	5	4	0	0
4	1	3	2	4	1	8	7	0	2	0	0
4	1	2	3	4	2	8	7	2	0	0	0
4	1	3	2	4	3	8	7	6	0	0	0
4	1	2	3	4	2	8	5	6	0	0	0
4	3	2	1	4	3	8	6	3	1	0	0
2	3	4	1	4	2	11	12	8	0	0	0
4	1	2	3	4	3	8	1	0	0	0	0
4	3	1	2	4	2	8	4	1	0	0	0
4	3	1	2	4	2	8	5	1	2	0	0
4	3	2	4	1	3	8	0	2	0	0	0
4	2	3	1	4	1	8	7	5	1	0	0
4	3	2	1	4	2	8	6	0	0	0	0
4	1	2	3	4	1	8	1	2	0	0	0
4	1	3	2	4	1	8	3	0	2	0	0
4	2	1	3	4	2	8	3	1	4	0	0
4	3	2	1	4	3	8	7	2	0	0	0
4	3	2	1	4	3	8	6	2	0	0	0
4	1	2	3	4	1	8	7	0	4	0	0
4	2	3	1	4	1	8	2	5	0	0	0
4	2	3	1	4	2	8	7	0	0	0	0
4	1	3	2	4	3	8	0	0	2	0	0
4	3	2	1	4	1	8	0	2	0	0	0
4	1	3	2	4	2	8	0	0	2	0	0
4	2	3	1	4	2	8	3	4	1	0	0
4	3	1	2	4	2	8	0	0	0	0	0
3	4	2	1	3	4	15	11	3	1	0	0
4	3	1	2	4	3	8	5	1	2	0	0
3	1	4	2	3	4	15	11	10	2	0	0
4	2	3	1	4	1	8	6	5	0	0	0
4	1	2	3	4	3	8	5	0	4	0	0
4	1	3	2	4	2	8	5	4	2	0	0
2	4	1	3	4	2	11	8	5	4	0	0
4	1	2	3	4	1	8	5	2	0	0	0
4	1	3	2	4	2	8	5	4	0	0	0
4	1	3	2	4	2	8	7	4	2	0	0
4	2	1	3	4	1	8	7	5	0	0	0
4	1	2	3	4	2	8	7	0	4	0	0
3	1	2	4	4	1	15	11	10	8	0	0
4	2	1	3	4	1	8	2	0	4	0	0
2	3	1	4	4	2	11	13	9	8	0	0
4	3	2	1	4	3	8	4	2	0	0	0
4	1	3	2	4	3	8	3	4	2	0	0
4	2	3	1	4	3	8	3	5	0	0	0
4	1	2	3	4	2	8	0	0	0	0	0
4	1	3	2	4	2	8	1	0	0	0	0
2	3	4	1	4	2	11	13	8	0	0	0
4	2	3	1	4	2	8	7	5	1	0	0
4	1	2	3	4	3	8	3	0	4	0	0
3	4	1	2	1	2	15	11	3	2	0	0
4	3	1	2	4	1	8	0	1	0	0	0
3	1	2	4	2	4	15	11	10	8	0	0
4	3	1	2	4	1	8	4	1	2	0	0
4	2	1	3	4	2	8	7	0	4	0	0
4	3	1	2	4	1	8	6	3	0	0	0
4	2	1	3	4	3	8	2	1	0	0	0
4	1	2	3	4	2	8	1	2	0	0	0
3	4	2	1	2	3	15	11	3	1	0	0
4	2	1	3	4	3	8	6	5	4	0	0
4	2	3	1	4	3	8	2	5	1	0	0
4	1	2	3	4	3	8	5	2	0	0	0
4	2	1	3	4	2	8	3	0	4	0	0
4	3	2	1	4	2	8	4	3	0	0	0
4	3	2	1	4	1	8	7	2	1	0	0
4	3	1	2	4	1	8	4	3	0	0	0
4	2	1	3	4	3	8	7	5	4	0	0
4	2	3	1	4	2	8	6	5	1	0	0
4	3	2	1	4	1	8	0	0	1	0	0
4	1	3	2	4	3	8	1	6	2	0	0
3	2	4	1	4	3	15	11	9	1	0	0
4	1	2	3	4	1	8	5	0	4	0	0
4	2	3	1	4	2	8	2	0	1	0	0
4	3	2	1	4	2	8	6	3	1	0	0
4	1	3	2	4	3	8	0	6	2	0	0
3	4	1	2	2	3	15	11	3	2	0	0
4	3	2	1	4	2	8	6	3	0	0	0
2	4	3	1	4	2	11	8	5	1	0	0
2	4	1	3	4	3	11	8	1	0	0	0
4	2	1	3	4	2	8	3	1	0	0	0
3	1	4	2	4	2	15	9	8	2	0	0
3	4	1	2	3	1	15	11	3	2	0	0
3	4	1	2	4	2	15	11	3	2	0	0
4	2	1	3	4	2	8	6	0	4	0	0
4	3	2	1	4	3	8	7	3	1	0	0
4	1	3	2	4	3	8	1	4	0	0	0
4	3	1	2	4	1	8	0	1	2	0	0
4	2	1	3	4	2	8	0	0	0	0	0
4	1	3	2	4	1	8	1	6	0	0	0
3	2	4	1	4	3	15	11	8	0	0	0
4	1	2	3	4	2	8	5	0	0	0	0
4	3	2	1	4	3	8	0	0	1	0	0
4	2	1	3	4	1	8	2	5	0	0	0
3	4	1	2	4	3	15	8	0	0	0	0
4	3	1	2	4	2	8	0	0	2	0	0
4	3	1	2	4	3	8	4	0	0	0	0
4	3	1	2	4	1	8	6	1	0	0	0
4	3	1	4	2	3	8	0	0	0	0	0
4	1	3	2	4	3	8	3	6	2	0	0
4	2	3	4	1	2	8	6	0	0	0	0
2	3	4	1	4	3	11	13	8	1	0	0
4	1	2	3	4	3	8	7	0	4	0	0
3	4	1	2	4	1	15	8	0	2	0	0
4	3	1	2	4	3	8	6	3	0	0	0
4	2	3	1	4	1	8	6	4	0	0	0
4	2	1	3	4	3	8	6	1	0	0	0
3	1	4	2	4	2	15	11	8	0	0	0
4	3	1	2	4	3	8	4	0	2	0	0
4	3	1	2	4	2	8	4	1	2	0	0
3	1	4	2	1	3	15	11	10	2	0	0
4	3	2	1	4	3	8	7	2	1	0	0
4	3	2	1	4	2	8	0	3	0	0	0
2	4	3	1	4	1	11	8	0	1	0	0
2	4	3	1	4	2	11	8	4	0	0	0
3	4	2	1	4	3	15	8	2	0	0	0
4	2	1	3	4	1	8	2	0	0	0	0
4	3	1	2	4	1	8	6	1	2	0	0
4	1	3	2	4	1	8	1	6	2	0	0
4	3	1	2	4	1	8	0	3	0	0	0
4	3	2	4	1	2	8	0	2	0	0	0
4	3	4	2	1	3	8	4	0	0	0	0
4	2	1	3	4	3	8	0	5	4	0	0
4	3	1	2	4	1	8	5	3	2	0	0
4	1	2	3	4	1	8	3	0	0	0	0
2	3	1	4	4	3	11	13	9	8	0	0
4	1	2	3	4	2	8	1	6	0	0	0
4	3	1	2	4	2	8	4	3	0	0	0
3	4	2	1	2	4	15	11	3	1	0	0
4	1	3	2	4	2	8	3	6	2	0	0
3	2	1	4	1	3	15	11	9	8	0	0
4	2	3	1	4	3	8	3	4	0	0	0
4	3	2	1	4	1	8	7	3	0	0	0
4	2	1	3	4	3	8	0	0	4	0	0
4	3	1	2	4	3	8	0	0	2	0	0
3	2	4	1	4	1	15	11	9	1	0	0
4	1	3	2	4	2	8	1	0	2	0	0
3	4	2	1	3	1	15	11	3	1	0	0
4	1	2	3	4	1	8	5	6	4	0	0
4	1	2	3	4	3	8	7	2	0	0	0
4	3	2	1	4	1	8	7	3	1	0	0
4	1	3	2	4	1	8	7	6	2	0	0
4	1	2	3	4	3	8	3	2	0	0	0
4	3	2	4	1	2	8	6	0	0	0	0
4	3	2	4	1	2	8	4	2	0	0	0
4	1	3	2	4	1	8	1	4	2	0	0
4	2	3	1	4	3	8	6	4	1	0	0
2	4	1	3	4	1	11	8	5	4	0	0
2	3	4	1	4	3	11	12	8	1	0	0
2	3	4	1	4	3	11	13	8	0	0	0
3	4	2	1	4	2	15	11	3	1	0	0
4	1	3	2	4	1	8	5	0	0	0	0
3	2	4	1	4	3	15	10	8	0	0	0
4	2	1	3	4	1	8	6	0	0	0	0
4	2	3	1	4	2	8	3	4	0	0	0
4	1	3	2	4	2	8	7	0	2	0	0
4	2	1	3	4	2	8	6	5	4	0	0
4	3	2	1	4	3	8	5	3	1	0	0
4	1	2	3	4	1	8	7	2	0	0	0
2	4	1	3	4	1	11	8	1	0	0	0
4	1	3	2	4	2	8	1	4	0	0	0
4	1	3	2	4	3	8	5	6	2	0	0
3	1	2	4	4	2	15	9	10	8	0	0
4	2	3	1	4	3	8	2	5	0	0	0
4	1	3	2	4	2	8	0	6	0	0	0
4	1	3	2	4	1	8	3	0	0	0	0
4	1	3	2	4	2	8	0	0	0	0	0
4	1	2	3	4	3	8	5	6	0	0	0
2	1	4	3	4	1	11	13	8	0	0	0
2	4	3	1	4	2	11	8	4	1	0	0
4	1	2	3	4	1	8	3	0	4	0	0
3	1	4	2	4	2	15	11	10	2	0	0
4	2	1	3	4	2	8	6	0	0	0	0
4	3	1	2	4	3	8	6	0	0	0	0
2	1	3	4	4	2	11	9	12	8	0	0
4	1	3	2	4	2	8	0	4	0	0	0
4	1	2	3	4	1	8	3	6	0	0	0
4	3	2	1	4	3	8	4	2	1	0	0
4	2	1	3	4	1	8	0	1	0	0	0
4	2	3	1	4	2	8	2	5	1	0	0
3	2	1	4	4	2	15	11	9	8	0	0
4	1	3	2	4	1	8	7	4	2	0	0
4	2	3	1	4	1	8	7	5	0	0	0
4	3	2	1	4	3	8	5	0	0	0	0
4	3	1	2	4	1	8	0	3	2	0	0
4	2	3	1	4	1	8	6	5	1	0	0
4	1	3	2	4	1	8	3	6	2	0	0
4	3	1	2	4	2	8	6	3	0	0	0
4	1	2	3	4	2	8	5	2	4	0	0
4	3	2	4	1	3	8	4	2	0	0	0
3	4	2	1	4	1	15	8	0	1	0	0
2	4	3	1	4	2	11	8	5	0	0	0
4	1	2	3	4	1	8	0	0	0	0	0
4	2	1	3	4	1	8	6	1	4	0	0
4	3	1	2	4	3	8	7	3	2	0	0
4	3	2	1	4	1	8	5	2	0	0	0
4	2	3	1	4	1	8	0	5	0	0	0
4	2	3	4	1	3	8	6	4	0	0	0
4	1	3	2	4	3	8	7	0	0	0	0
3	4	2	1	1	3	15	11	3	1	0	0
3	1	2	4	1	2	15	11	10	8	0	0
4	2	3	1	4	1	8	3	4	1	0	0
4	1	2	3	4	2	8	5	2	0	0	0
4	3	4	2	1	3	8	0	0	0	0	0
4	3	1	2	4	2	8	5	3	0	0	0
3	4	2	1	4	1	15	11	3	1	0	0
3	1	4	2	4	3	15	9	8	0	0	0
4	3	1	2	4	3	8	6	1	0	0	0
3	2	1	4	1	2	15	11	9	8	0	0
4	2	3	1	4	2	8	0	5	0	0	0
2	3	4	1	4	1	11	12	8	0	0	0
4	3	2	1	4	1	8	4	3	1	0	0
4	1	2	3	4	3	8	5	0	0	0	0
4	3	2	1	4	3	8	0	2	1	0	0
4	3	2	1	4	1	8	6	3	0	0	0
4	2	1	3	4	2	8	7	1	0	0	0
4	3	2	1	4	3	8	6	3	0	0	0
4	2	3	1	4	3	8	2	0	0	0	0
4	1	2	3	4	3	8	7	0	0	0	0
4	3	1	2	4	3	8	0	1	2	0	0
4	2	3	1	4	3	8	7	0	0	0	0
4	2	3	1	4	1	8	6	0	0	0	0
4	2	1	3	4	3	8	0	1	0	0	0
4	2	1	3	4	2	8	2	5	0	0	0
3	4	1	2	4	3	15	8	3	2	0	0
4	1	2	3	4	1	8	1	2	4	0	0
2	4	3	1	4	3	11	8	5	1	0	0
4	1	3	2	4	3	8	5	0	2	0	0
3	1	4	2	4	1	15	11	10	2	0	0
3	1	4	2	4	3	15	9	8	2	0	0
4	1	2	3	4	3	8	0	6	4	0	0
2	4	3	1	4	1	11	8	5	0	0	0
4	1	2	3	4	2	8	0	2	4	0	0
4	1	2	3	4	2	8	1	6	4	0	0
4	1	3	2	4	2	8	3	0	2	0	0
4	3	1	2	4	2	8	6	0	0	0	0
4	2	3	1	4	2	8	3	5	0	0	0
3	1	4	2	2	1	15	11	10	2	0	0
4	2	3	1	4	3	8	0	4	0	0	0
2	1	4	3	4	1	11	13	8	4	0	0
4	2	1	3	4	1	8	7	5	4	0	0
4	2	3	4	1	2	8	2	0	0	0	0
4	2	1	3	4	1	8	6	5	0	0	0
4	3	1	2	4	2	8	0	1	2	0	0
2	3	4	1	4	2	11	12	8	1	0	0
2	4	3	1	4	3	11	8	5	0	0	0
4	1	2	3	4	1	8	3	2	4	0	0
4	3	1	2	4	2	8	7	0	2	0	0
3	2	4	1	4	3	15	10	8	1	0	0
3	4	1	2	3	2	15	11	3	2	0	0
3	2	4	1	3	2	15	11	9	1	0	0
3	1	2	4	4	1	15	9	10	8	0	0
4	2	3	1	4	1	8	0	0	1	0	0
4	3	2	4	1	2	8	6	2	0	0	0
4	2	3	1	4	1	8	7	4	1	0	0
4	2	1	3	4	2	8	7	0	0	0	0
4	1	2	3	4	1	8	1	0	0	0	0
4	3	1	2	4	2	8	7	3	2	0	0
3	2	1	4	4	3	15	11	9	8	0	0
4	1	3	2	4	3	8	3	6	0	0	0
4	1	3	2	4	2	8	1	4	2	0	0
3	2	4	1	1	4	15	11	9	1	0	0
4	3	1	2	4	1	8	7	1	0	0	0
3	2	1	4	4	3	15	10	9	8	0	0
3	4	1	2	4	2	15	8	1	2	0	0
3	4	2	1	2	1	15	11	3	1	0	0
4	2	1	3	4	2	8	3	5	0	0	0
4	3	2	4	1	3	8	4	0	0	0	0
3	4	2	1	4	2	15	8	2	0	0	0
4	3	2	1	4	1	8	5	2	1	0	0
4	2	1	3	4	1	8	6	5	4	0	0
4	3	2	1	4	1	8	4	0	1	0	0
4	1	3	2	4	2	8	1	6	2	0	0
2	3	1	4	4	2	11	12	9	8	0	0
4	3	1	2	4	3	8	0	1	0	0	0
3	2	4	1	2	3	15	11	9	1	0	0
4	1	2	3	4	1	8	0	6	4	0	0
3	1	4	2	1	4	15	11	10	2	0	0
4	3	2	1	4	2	8	4	2	1	0	0
4	2	1	3	4	3	8	6	5	0	0	0
4	2	3	1	4	3	8	2	0	1	0	0
3	2	1	4	4	2	15	10	9	8	0	0
4	1	3	2	4	3	8	7	4	2	0	0
4	1	2	3	4	2	8	3	6	0	0	0
3	4	2	1	4	3	15	8	2	1	0	0
3	1	2	4	4	3	15	9	10	8	0	0
3	1	2	4	2	1	15	11	10	8	0	0
2	4	1	3	4	1	11	8	0	4	0	0
4	2	1	3	4	3	8	3	5	0	0	0
3	2	4	1	4	1	15	10	8	1	0	0
4	1	2	3	4	2	8	3	2	0	0	0
4	3	2	1	4	2	8	4	0	1	0	0
4	2	3	1	4	3	8	0	0	1	0	0
4	1	3	2	4	3	8	3	0	2	0	0
3	4	2	1	4	2	15	8	2	1	0	0
4	1	2	3	4	1	8	7	0	0	0	0
4	1	3	2	4	2	8	5	6	2	0	0
4	1	2	3	4	1	8	7	6	0	0	0
4	3	1	2	4	2	8	0	3	0	0	0
4	3	2	1	4	1	8	0	3	1	0	0
2	3	4	1	4	2	11	13	8	1	0	0
4	2	3	1	4	1	8	0	4	1	0	0
4	2	1	3	4	3	8	3	1	4	0	0
4	1	3	2	4	3	8	5	6	0	0	0
3	2	1	4	1	4	15	11	9	8	0	0
4	2	3	4	1	2	8	2	4	0	0	0
4	3	1	2	4	3	8	0	3	0	0	0
4	3	2	1	4	1	8	4	0	0	0	0
3	2	4	1	1	2	15	11	9	1	0	0
4	2	1	3	4	2	8	2	0	0	0	0
4	2	3	4	1	2	8	6	4	0	0	0
4	2	3	1	4	1	8	3	0	0	0	0
4	3	2	1	4	3	8	5	2	1	0	0
3	4	2	1	4	3	15	8	0	0	0	0
2	1	4	3	4	2	11	9	8	0	0	0
4	2	1	3	4	3	8	7	5	0	0	0
4	3	1	2	4	1	8	5	3	0	0	0
4	1	3	2	4	2	8	5	0	0	0	0
4	1	3	2	4	3	8	3	4	0	0	0
4	2	3	1	4	2	8	0	5	1	0	0
4	2	1	3	4	3	8	2	0	4	0	0
3	2	1	4	4	1	15	11	9	8	0	0
4	3	1	2	4	1	8	7	1	2	0	0
3	4	1	2	1	3	15	11	3	2	0	0
4	3	1	2	4	2	8	6	1	0	0	0
4	3	2	1	4	1	8	0	0	0	0	0
4	3	2	1	4	2	8	6	0	1	0	0
3	4	2	1	4	1	15	8	0	0	0	0
3	1	2	4	3	4	15	11	10	8	0	0
4	3	1	2	4	3	8	6	0	2	0	0
4	3	2	1	4	2	8	7	2	0	0	0
4	3	2	1	4	2	8	4	2	0	0	0
3	1	4	2	4	1	15	11	8	0	0	0
4	1	3	2	4	1	8	7	4	0	0	0
3	2	4	1	4	2	15	10	8	0	0	0
2	4	1	3	4	1	11	8	0	0	0	0
4	3	2	1	4	1	8	5	0	1	0	0
4	3	4	1	2	3	8	0	0	0	0	0
4	3	2	1	4	1	8	5	3	1	0	0
3	1	2	4	1	4	15	11	10	8	0	0
3	2	4	1	4	3	15	11	8	1	0	0
4	2	1	3	4	2	8	0	5	4	0	0
4	2	1	3	4	2	8	6	1	4	0	0
4	2	3	1	4	2	8	7	4	0	0	0
4	2	1	3	4	2	8	3	5	4	0	0
2	1	4	3	4	3	11	13	8	0	0	0
4	3	2	1	4	1	8	7	0	0	0	0
4	1	3	2	4	1	8	5	4	2	0	0
4	3	2	1	4	2	8	0	0	1	0	0
4	2	3	1	4	1	8	3	0	1	0	0
4	3	2	1	4	1	8	6	2	0	0	0
4	2	3	1	4	1	8	6	0	1	0	0
4	3	1	2	4	3	8	0	3	2	0	0
3	1	4	2	4	1	15	9	8	0	0	0
4	3	1	2	4	3	8	5	1	0	0	0
2	4	3	1	4	1	11	8	5	1	0	0
3	4	2	1	4	3	15	11	3	1	0	0
4	1	2	3	4	3	8	5	2	4	0	0
4	1	2	3	4	3	8	0	6	0	0	0
4	2	3	1	4	1	8	3	5	1	0	0
4	2	1	3	4	1	8	7	0	0	0	0
4	3	2	1	4	3	8	0	3	0	0	0
4	2	3	1	4	2	8	2	5	0	0	0
4	1	2	3	4	1	8	0	2	0	0	0
4	2	3	1	4	3	8	6	4	0	0	0
4	1	2	3	4	2	8	0	2	0	0	0
4	1	3	2	4	3	8	1	6	0	0	0
2	1	4	3	4	3	11	9	8	0	0	0
3	2	1	4	3	2	15	11	9	8	0	0
4	2	3	1	4	3	8	0	4	1	0	0
4	2	3	1	4	1	8	0	4	0	0	0
4	3	2	1	4	2	8	5	2	0	0	0
4	3	2	4	1	3	8	6	2	0	0	0
4	3	1	2	4	2	8	7	3	0	0	0
4	3	1	2	4	2	8	6	3	2	0	0
4	2	1	3	4	2	8	7	5	4	0	0
4	1	2	3	4	2	8	5	6	4	0	0
2	1	3	4	4	3	11	9	12	8	0	0
4	3	1	2	4	2	8	0	1	0	0	0
3	4	1	2	1	4	15	11	3	2	0	0
3	1	4	2	4	3	15	11	8	2	0	0
4	2	3	1	4	1	8	2	4	0	0	0
4	2	1	3	4	3	8	7	1	4	0	0
4	1	3	2	4	2	8	0	6	2	0	0
4	3	1	2	4	2	8	6	1	2	0	0
2	4	1	3	4	2	11	8	0	0	0	0
3	2	4	1	2	1	15	11	9	1	0	0
2	1	4	3	4	2	11	13	8	0	0	0
4	2	1	3	4	2	8	2	5	4	0	0
4	3	2	1	4	2	8	5	3	0	0	0
4	2	1	3	4	1	8	2	1	4	0	0
4	1	2	3	4	3	8	0	0	4	0	0
4	3	1	2	4	3	8	5	3	0	0	0
4	2	1	3	4	2	8	7	5	0	0	0
2	4	3	1	4	1	11	8	4	0	0	0
4	3	2	1	4	1	8	5	3	0	0	0
4	2	3	1	4	1	8	7	4	0	0	0
4	1	3	2	4	2	8	3	4	2	0	0
4	2	1	3	4	3	8	3	5	4	0	0
4	2	3	1	4	2	8	0	4	1	0	0
4	1	2	3	4	2	8	3	0	0	0	0
2	3	4	1	4	1	11	12	8	1	0	0
3	1	4	2	4	2	15	11	8	2	0	0
3	1	4	2	3	1	15	11	10	2	0	0
4	1	3	2	4	2	8	5	0	2	0	0
2	4	3	1	4	1	11	8	4	1	0	0
4	1	2	3	4	3	8	0	2	4	0	0
4	1	2	3	4	3	8	5	6	4	0	0
4	1	3	2	4	1	8	3	4	0	0	0
4	2	3	4	1	2	8	0	0	0	0	0
4	2	1	3	4	3	8	7	1	0	0	0
3	4	1	2	4	2	15	8	1	0	0	0
4	1	2	3	4	1	8	7	2	4	0	0
4	1	3	2	4	3	8	0	0	0	0	0
4	2	1	3	4	3	8	3	1	0	0	0
4	1	3	2	4	1	8	0	0	2	0	0
4	2	1	3	4	2	8	2	1	0	0	0
4	2	3	1	4	2	8	0	0	1	0	0
4	1	3	2	4	1	8	1	4	0	0	0
2	4	3	1	4	3	11	8	0	1	0	0
4	1	2	3	3	2	15	7	6	4	0	0
2	4	1	3	2	3	14	12	5	4	0	0
2	4	1	3	2	4	14	12	5	4	0	0
2	3	4	3	4	2	14	12	8	0	0	0
2	3	4	1	3	4	14	12	8	1	0	0
4	1	3	2	4	2	15	7	6	2	0	0
2	3	1	4	4	3	14	12	9	8	0	0
4	3	2	1	1	2	15	7	3	1	0	0
2	3	4	1	3	4	14	12	8	13	0	0
2	4	3	1	4	2	14	8	0	0	0	0
2	1	4	3	4	2	14	9	8	0	0	0
1	4	3	2	4	3	9	8	6	2	0	0
4	3	2	1	4	2	15	7	3	1	0	0
1	4	3	2	4	2	9	8	0	2	0	0
2	3	1	4	4	1	14	13	9	8	0	0
2	4	3	4	3	1	14	12	4	12	0	0
2	1	4	3	4	3	14	13	12	4	0	0
1	4	2	3	4	3	9	8	0	4	0	0
4	1	3	2	3	1	15	7	6	2	0	0
2	3	1	4	3	4	14	12	13	8	0	0
2	4	3	1	4	3	14	12	4	9	0	0
2	3	1	4	4	3	14	13	9	8	0	0
2	4	3	1	4	3	14	8	5	1	0	0
2	4	3	1	4	1	14	8	0	1	0	0
1	4	2	3	4	2	9	8	6	0	0	0
1	4	3	2	4	1	9	8	0	0	0	0
4	1	2	3	4	3	15	7	6	4	0	0
2	4	3	2	1	4	14	12	4	0	0	0
2	1	3	4	4	1	14	13	12	8	0	0
2	1	4	3	4	1	14	9	8	4	0	0
2	1	4	3	2	4	14	13	12	4	0	0
1	4	2	3	4	3	9	8	6	4	0	0
2	3	4	2	4	1	14	12	8	0	0	0
2	4	3	1	4	2	14	8	4	1	0	0
4	3	2	1	3	1	15	7	3	1	0	0
2	1	4	3	4	2	14	13	8	0	0	0
1	2	3	4	4	3	9	14	12	8	0	0
4	2	3	1	3	1	15	7	5	1	0	0
2	3	4	1	2	4	14	12	8	0	0	0
2	3	3	4	1	4	14	12	13	8	0	0
1	4	3	2	4	3	9	8	4	0	0	0
4	1	3	2	3	2	15	7	6	2	0	0
2	3	1	4	3	2	14	12	9	8	0	0
2	4	1	3	4	3	14	8	1	4	0	0
4	2	3	1	4	1	15	7	5	1	0	0
2	4	3	3	1	4	14	12	4	5	0	0
2	3	4	4	3	1	14	12	8	13	0	0
4	2	3	1	3	4	15	7	5	1	0	0
2	4	3	4	1	3	14	12	4	9	0	0
1	3	4	2	4	2	9	12	8	0	0	0
2	1	3	4	4	3	14	9	12	8	0	0
2	3	4	4	3	1	14	12	8	9	0	0
2	4	1	3	3	4	14	12	5	4	0	0
4	3	1	2	4	2	15	7	3	2	0	0
2	3	4	4	1	3	14	12	8	12	0	0
2	3	4	1	3	4	14	12	8	5	0	0
2	4	3	1	4	1	14	8	5	0	0	0
2	4	3	1	4	2	14	12	4	0	0	0
2	4	1	3	4	2	14	8	5	4	0	0
2	3	4	3	4	1	14	12	8	4	0	0
2	3	3	4	1	4	14	12	12	8	0	0
2	3	1	4	4	2	14	13	9	8	0	0
1	2	3	4	4	1	9	10	12	8	0	0
2	4	3	3	4	1	14	12	4	13	0	0
2	4	3	1	4	3	14	8	4	1	0	0
2	4	3	1	4	2	14	12	4	1	0	0
2	4	3	4	2	1	14	12	4	0	0	0
1	4	3	2	4	2	9	8	6	0	0	0
1	3	2	4	4	1	9	14	10	8	0	0
2	4	3	1	3	4	14	12	4	9	0	0
2	3	4	1	4	1	14	13	8	0	0	0
4	1	3	2	2	1	15	7	6	2	0	0
2	3	4	2	3	4	14	12	8	0	0	0
2	4	3	3	1	2	14	12	4	0	0	0
1	2	4	3	4	2	9	14	8	0	0	0
4	3	1	2	2	4	15	7	3	2	0	0
1	2	4	3	4	3	9	14	8	0	0	0
1	4	2	3	4	3	9	8	6	0	0	0
2	3	4	4	2	1	14	12	8	0	0	0
2	4	1	3	4	3	14	8	5	0	0	0
2	4	1	3	4	2	14	8	1	4	0	0
2	4	3	3	2	1	14	12	4	0	0	0
2	4	3	3	4	1	14	12	4	12	0	0
4	2	1	3	2	1	15	7	5	4	0	0
1	3	4	2	4	2	9	12	8	2	0	0
2	4	3	1	3	4	14	12	4	0	0	0
1	4	3	2	4	1	9	8	4	2	0	0
2	3	4	3	1	4	14	12	8	4	0	0
2	4	3	2	1	3	14	12	4	0	0	0
2	3	4	1	4	3	14	12	8	0	0	0
2	4	1	3	4	2	14	8	1	0	0	0
4	3	1	2	3	4	15	7	3	2	0	0
2	3	4	1	4	3	14	12	8	1	0	0
2	4	1	3	4	3	14	12	5	4	0	0
4	2	1	3	3	1	15	7	5	4	0	0
4	3	1	2	2	1	15	7	3	2	0	0
2	4	3	1	4	3	14	8	0	0	0	0
2	1	4	3	4	3	14	9	8	4	0	0
2	3	4	1	3	2	14	12	8	0	0	0
1	4	2	3	4	1	9	8	2	4	0	0
2	3	4	1	4	3	14	12	8	9	0	0
2	4	3	1	2	4	14	12	4	1	0	0
1	4	2	3	4	2	9	8	6	4	0	0
1	4	2	3	4	1	9	8	0	4	0	0
2	3	4	3	1	4	14	12	8	12	0	0
4	1	3	2	1	3	15	7	6	2	0	0
4	1	2	3	4	2	15	7	6	4	0	0
1	4	3	2	4	3	9	8	0	0	0	0
2	1	4	3	4	1	14	13	8	4	0	0
2	4	3	1	3	4	14	12	4	5	0	0
1	2	4	3	4	1	9	10	8	0	0	0
1	2	4	3	4	3	9	10	8	0	0	0
2	4	4	3	1	3	14	12	12	4	0	0
1	4	2	3	4	2	9	8	0	4	0	0
1	3	4	2	4	1	9	14	8	0	0	0
4	1	3	2	3	4	15	7	6	2	0	0
2	4	3	2	4	1	14	12	4	0	0	0
2	4	3	3	4	1	14	12	4	0	0	0
4	2	1	3	1	3	15	7	5	4	0	0
1	4	3	2	4	1	9	8	0	2	0	0
2	4	3	4	2	3	14	12	4	0	0	0
4	3	1	2	1	4	15	7	3	2	0	0
2	4	1	3	4	2	14	8	0	4	0	0
4	2	3	1	2	3	15	7	5	1	0	0
2	4	3	1	4	3	14	12	4	0	0	0
4	1	3	2	2	3	15	7	6	2	0	0
2	4	3	1	4	2	14	8	5	1	0	0
2	4	3	4	1	3	14	12	4	8	0	0
4	3	2	1	4	3	15	7	3	1	0	0
2	1	4	3	4	3	14	13	8	0	0	0
1	4	2	3	4	3	9	8	2	4	0	0
2	4	3	1	4	2	14	8	5	0	0	0
2	3	4	1	4	1	14	13	8	1	0	0
2	1	3	4	2	3	14	13	12	8	0	0
2	3	4	4	3	1	14	12	8	0	0	0
2	4	1	3	4	2	14	8	0	0	0	0
2	4	3	4	3	1	14	12	4	0	0	0
1	3	4	2	4	3	9	12	8	2	0	0
1	4	3	2	4	3	9	8	0	2	0	0
4	1	3	2	1	2	15	7	6	2	0	0
1	4	3	2	4	1	9	8	4	0	0	0
1	4	3	2	4	2	9	8	4	2	0	0
4	2	3	1	4	2	15	7	5	1	0	0
2	4	3	3	4	2	14	12	4	0	0	0
1	4	3	2	4	1	9	8	6	0	0	0
2	4	1	3	4	3	14	8	0	0	0	0
1	2	3	4	4	2	9	14	12	8	0	0
4	1	2	3	3	4	15	7	6	4	0	0
1	3	4	2	4	3	9	12	8	0	0	0
2	4	1	3	4	3	14	8	0	4	0	0
2	4	3	4	1	3	14	8	4	0	0	0
2	3	4	4	3	1	14	12	8	12	0	0
2	3	4	2	3	1	14	12	8	0	0	0
1	4	3	2	4	3	9	8	4	2	0	0
2	3	4	2	4	3	14	12	8	0	0	0
1	4	2	3	4	2	9	8	2	4	0	0
4	1	3	2	4	1	15	7	6	2	0	0
4	1	2	3	2	4	15	7	6	4	0	0
1	3	4	2	4	2	9	14	8	2	0	0
1	4	3	2	4	3	9	8	6	0	0	0
2	3	4	1	3	4	14	12	8	9	0	0
1	4	3	2	4	2	9	8	6	2	0	0
2	3	4	1	4	2	14	13	8	0	0	0
2	1	3	4	4	2	14	9	12	8	0	0
4	2	3	1	3	2	15	7	5	1	0	0
2	4	3	1	4	2	14	8	0	1	0	0
1	3	4	2	4	1	9	14	8	2	0	0
4	2	1	3	4	1	15	7	5	4	0	0
1	3	2	4	4	2	9	12	10	8	0	0
1	2	4	3	4	2	9	10	8	0	0	0
2	4	3	1	4	3	14	8	5	0	0	0
2	1	4	3	4	2	14	9	8	4	0	0
4	2	1	3	4	2	15	7	5	4	0	0
4	2	1	3	4	3	15	7	5	4	0	0
4	3	2	1	3	4	15	7	3	1	0	0
2	3	4	3	2	4	14	12	8	0	0	0
2	4	3	4	3	1	14	12	4	13	0	0
2	4	1	3	4	1	14	8	5	0	0	0
2	3	1	4	3	4	14	12	9	8	0	0
1	3	4	2	4	1	9	12	8	0	0	0
2	1	4	3	4	1	14	13	8	0	0	0
2	1	3	4	2	4	14	13	12	8	0	0
2	4	3	3	1	4	14	12	4	4	0	0
2	3	4	3	4	1	14	12	8	5	0	0
1	2	3	4	4	2	9	10	12	8	0	0
4	2	1	3	2	3	15	7	5	4	0	0
2	3	3	4	4	1	14	12	13	8	0	0
2	4	3	4	1	3	14	12	4	0	0	0
2	3	4	1	2	4	14	12	8	1	0	0
4	2	1	3	1	4	15	7	5	4	0	0
2	3	1	4	4	1	14	12	9	8	0	0
2	4	3	4	3	1	14	12	4	8	0	0
2	4	3	2	3	1	14	12	4	0	0	0
2	4	3	1	4	1	14	8	4	0	0	0
4	2	1	3	3	4	15	7	5	4	0	0
1	4	2	3	4	3	9	8	0	0	0	0
2	3	4	4	3	2	14	12	8	0	0	0
1	4	3	2	4	2	9	8	0	0	0	0
2	1	3	4	4	1	14	9	12	8	0	0
2	3	4	3	4	1	14	12	8	13	0	0
2	4	1	3	4	1	14	8	1	0	0	0
2	3	3	4	4	1	14	12	12	8	0	0
2	3	4	1	2	3	14	12	8	1	0	0
2	3	4	4	1	3	14	12	8	8	0	0
4	1	2	3	1	4	15	7	6	4	0	0
2	3	4	4	3	1	14	12	8	8	0	0
2	3	4	4	1	3	14	12	8	9	0	0
2	4	1	3	4	1	14	8	5	4	0	0
2	4	3	4	3	1	14	12	4	9	0	0
4	1	3	2	2	4	15	7	6	2	0	0
2	4	3	3	1	4	14	12	4	12	0	0
2	3	4	1	4	1	14	12	8	0	0	0
2	3	1	4	4	2	14	12	9	8	0	0
4	3	1	2	3	2	15	7	3	2	0	0
2	3	4	3	4	1	14	12	8	0	0	0
2	4	3	1	4	1	14	8	0	0	0	0
2	3	4	1	4	3	14	12	8	13	0	0
1	3	4	2	4	1	9	12	8	2	0	0
2	3	4	1	4	1	14	12	8	1	0	0
2	4	1	3	4	3	14	8	1	0	0	0
2	3	4	1	4	3	14	12	8	5	0	0
2	3	4	4	1	2	14	12	8	0	0	0
4	1	2	3	2	3	15	7	6	4	0	0
1	3	2	4	4	3	9	12	10	8	0	0
2	4	1	3	3	2	14	12	5	4	0	0
4	2	3	1	1	3	15	7	5	1	0	0
1	2	4	3	4	3	9	10	8	4	0	0
2	1	3	4	3	4	14	13	12	8	0	0
1	2	4	3	4	1	9	14	8	0	0	0
4	3	1	2	1	2	15	7	3	2	0	0
4	2	1	3	3	2	15	7	5	4	0	0
2	4	1	3	4	1	14	8	0	0	0	0
1	3	4	2	4	3	9	14	8	2	0	0
2	3	4	1	4	2	14	12	8	1	0	0
2	3	4	3	1	4	14	12	8	5	0	0
2	4	3	2	3	4	14	12	4	0	0	0
4	2	3	1	4	3	15	7	5	1	0	0
4	3	2	1	2	1	15	7	3	1	0	0
4	1	2	3	3	1	15	7	6	4	0	0
2	3	1	4	2	4	14	12	9	8	0	0
2	4	4	3	3	1	14	12	13	4	0	0
2	3	4	4	2	3	14	12	8	0	0	0
1	2	3	4	4	3	9	10	12	8	0	0
2	3	4	4	1	3	14	12	8	13	0	0
4	1	2	3	4	1	15	7	6	4	0	0
4	2	3	1	2	4	15	7	5	1	0	0
2	4	3	3	4	1	14	12	4	5	0	0
4	3	2	1	3	2	15	7	3	1	0	0
2	1	3	4	4	2	14	13	12	8	0	0
1	3	4	2	4	3	9	14	8	0	0	0
1	3	2	4	4	2	9	14	10	8	0	0
4	3	2	1	4	1	15	7	3	1	0	0
2	3	4	3	1	2	14	12	8	0	0	0
2	4	3	3	4	1	14	12	4	4	0	0
1	4	2	3	4	3	9	8	2	0	0	0
2	4	3	1	4	3	14	12	4	5	0	0
2	4	3	2	4	3	14	12	4	0	0	0
2	4	3	3	1	4	14	12	4	13	0	0
2	3	4	3	1	4	14	12	8	0	0	0
1	2	4	3	4	2	9	14	8	4	0	0
2	1	3	4	4	3	14	13	12	8	0	0
2	4	3	1	3	2	14	12	4	0	0	0
1	4	2	3	4	2	9	8	2	0	0	0
2	4	3	1	4	1	14	8	4	1	0	0
2	1	4	3	3	2	14	13	12	4	0	0
4	1	3	2	4	3	15	7	6	2	0	0
4	1	3	2	1	4	15	7	6	2	0	0
2	4	1	3	3	4	14	12	13	4	0	0
2	3	4	1	4	2	14	12	8	0	0	0
4	3	1	2	4	3	15	7	3	2	0	0
1	4	2	3	4	1	9	8	6	4	0	0
2	3	1	4	2	3	14	12	9	8	0	0
2	4	3	4	1	2	14	8	4	0	0	0
1	3	2	4	4	1	9	12	10	8	0	0
4	3	2	1	1	4	15	7	3	1	0	0
2	4	3	3	2	4	14	12	4	0	0	0
2	3	4	1	4	2	14	13	8	1	0	0
4	3	2	1	2	3	15	7	3	1	0	0
4	3	1	2	2	3	15	7	3	2	0	0
4	3	1	2	4	1	15	7	3	2	0	0
2	4	3	3	1	4	14	12	4	0	0	0
2	4	1	3	4	1	14	8	1	4	0	0
2	3	4	3	4	1	14	12	8	12	0	0
2	3	4	3	2	1	14	12	8	0	0	0
1	4	2	3	4	2	9	8	0	0	0	0
1	2	4	3	4	1	9	14	8	4	0	0
2	1	4	3	4	3	14	9	8	0	0	0
2	4	3	1	3	4	14	12	4	1	0	0
1	4	2	3	4	1	9	8	0	0	0	0
4	2	1	3	1	2	15	7	5	4	0	0
2	1	4	3	4	2	14	13	12	4	0	0
2	4	3	1	2	3	14	12	4	1	0	0
1	3	4	2	4	2	9	14	8	0	0	0
2	4	3	4	1	3	14	8	0	0	0	0
2	4	4	3	3	1	14	12	12	4	0	0
2	4	3	1	4	3	14	8	4	0	0	0
2	3	4	3	1	4	14	12	8	13	0	0
2	4	1	3	4	3	14	8	5	4	0	0
2	4	3	1	2	4	14	12	4	0	0	0
2	1	4	3	4	1	14	9	8	0	0	0
1	4	3	2	4	2	9	8	4	0	0	0
4	1	2	3	1	2	15	7	6	4	0	0
2	4	3	4	1	2	14	8	0	0	0	0
4	2	3	1	1	2	15	7	5	1	0	0
2	1	4	3	3	4	14	13	12	4	0	0
2	4	3	1	3	2	14	12	4	1	0	0
2	4	3	1	4	1	14	8	5	1	0	0
2	3	4	2	1	3	14	12	8	0	0	0
2	4	3	1	3	4	14	12	4	13	0	0
2	4	3	1	4	3	14	12	4	1	0	0
2	3	4	4	1	3	14	12	8	0	0	0
2	4	3	1	4	3	14	12	4	13	0	0
2	4	1	3	4	1	14	8	0	4	0	0
2	4	3	1	4	2	14	8	4	0	0	0
2	3	4	1	3	2	14	12	8	1	0	0
4	2	3	1	2	1	15	7	5	1	0	0
1	2	4	3	4	1	9	10	8	4	0	0
2	4	3	4	1	3	14	12	4	13	0	0
1	3	2	4	4	3	9	14	10	8	0	0
4	3	2	1	1	3	15	7	3	1	0	0
1	2	4	3	4	3	9	14	8	4	0	0
2	3	4	1	4	3	14	13	8	1	0	0
2	3	4	1	3	4	14	12	8	0	0	0
4	3	2	1	2	4	15	7	3	1	0	0
2	1	3	4	3	2	14	13	12	8	0	0
2	1	4	3	4	2	14	13	8	4	0	0
2	4	3	4	3	2	14	12	4	0	0	0
4	2	3	1	1	4	15	7	5	1	0	0
2	3	4	1	4	3	14	13	8	0	0	0
2	1	4	3	2	3	14	13	12	4	0	0
2	3	4	2	1	4	14	12	8	0	0	0
2	4	3	1	2	3	14	12	4	0	0	0
2	4	1	3	4	2	14	8	5	0	0	0
1	2	4	3	4	2	9	10	8	4	0	0
4	2	1	3	2	4	15	7	5	4	0	0
1	2	3	4	4	1	9	14	12	8	0	0
1	4	2	3	4	1	9	8	2	0	0	0
2	4	1	3	4	3	14	12	13	4	0	0
4	3	1	2	3	1	15	7	3	2	0	0
4	3	1	2	1	3	15	7	3	2	0	0
2	4	4	3	1	3	14	12	13	4	0	0
2	4	1	3	4	2	14	12	5	4	0	0
2	4	3	4	1	2	14	12	4	0	0	0
2	1	4	3	4	3	14	13	8	4	0	0
1	4	3	2	4	1	9	8	6	2	0	0
4	1	2	3	1	3	15	7	6	4	0	0
2	4	3	1	4	3	14	8	0	1	0	0
1	4	2	3	4	1	9	8	6	0	0	0
2	3	1	4	4	3	14	12	13	8	0	0
2	3	4	1	2	3	14	12	8	0	0	0
4	1	2	3	2	1	15	7	6	4	0	0
