b45 5 3 5 0.92762912 0.82214264 0.70391699 0.6286752 0.3713248
b45 5 1 5 0.5555168 0.5555168 0.5555168 0.5555168 0.4444832
b1 5 3 5 1.0 0.94842346 0.7608223 0.56144233 0.37886452
b45 5 2 5 0.90829002 0.69850452 0.66450801 0.55530146 0.44469854
b1 5 2 5 1.0 0.71724676 0.64154305 0.4376267 0.27836073
b45 5 4 5 0.73697599 0.73374628 0.7242422 0.50108028 0.49891972
b1 5 4 5 1.0 0.96314432 0.79476025 0.57324983 0.4147501
b45 6 2 5 0.86558287 0.66131841 0.64180022 0.54555499 0.41091074 0.35819978
b45 6 3 6 0.86558287 0.66131841 0.64180022 0.54555499 0.41091074 0.35819978
b45 6 1 6 0.80663652 0.57853711 0.563469 0.5 0.5 0.26720538
b45 6 2 6 0.86437369 0.81917788 0.61777975 0.50942696 0.49057304 0.34330615
b45 6 3 5 0.86437369 0.81917788 0.61777975 0.50942696 0.49057304 0.34330615
b45 6 1 5 0.5204807 0.5 0.5 0.5 0.5 0.5
b1 6 2 5 0.87237517 0.67867931 0.67477276 0.42698189 0.32752098 0.32522724
b1 6 3 6 0.87237517 0.67867931 0.67477276 0.42698189 0.32752098 0.32522724
b1 6 3 5 1.0 0.94639687 0.50486836 0.38451438 0.36416272 0.3321872
b1 6 4 6 1.0 0.94639687 0.50486836 0.38451438 0.36416272 0.3321872
b45 6 4 5 0.80144031 0.74192485 0.69949585 0.51070275 0.48929725 0.27962476
b1 6 2 6 0.90348574 0.71677501 0.65395747 0.38875016 0.37595411 0.34604253
b1 6 5 6 1.0 0.92591285 0.62085844 0.2828611 0.28109662 0.27562804
b1 6 4 5 0.67181791 0.67181791 0.67181791 0.33333333 0.33333333 0.33333333
b45 6 4 6 0.80207792 0.76843387 0.66253822 0.51833374 0.36113726 0.33746178
b45 7 2 6 0.74817647 0.72198197 0.60322693 0.55976036 0.30063227 0.27970962 0.27801803
b45 7 3 5 0.74817647 0.72198197 0.60322693 0.55976036 0.30063227 0.27970962 0.27801803
b45 7 4 7 0.74817647 0.72198197 0.60322693 0.55976036 0.30063227 0.27970962 0.27801803
b1 7 2 7 0.9773324 0.82836204 0.42699372 0.40887417 0.34670934 0.33024193 0.32304873
b1 7 3 5 0.9773324 0.82836204 0.42699372 0.40887417 0.34670934 0.33024193 0.32304873
b1 7 3 6 0.9773324 0.82836204 0.42699372 0.40887417 0.34670934 0.33024193 0.32304873
b1 7 5 6 0.9773324 0.82836204 0.42699372 0.40887417 0.34670934 0.33024193 0.32304873
b45 7 2 5 0.8357371 0.56482535 0.51897576 0.50000228 0.4872386 0.48102424 0.38984202
b45 7 3 6 0.8357371 0.56482535 0.51897576 0.50000228 0.4872386 0.48102424 0.38984202
b45 7 1 5 0.52092926 0.52092926 0.52092926 0.52092926 0.47907074 0.47907074 0.47907074
b45 7 3 7 0.52092926 0.52092926 0.52092926 0.52092926 0.47907074 0.47907074 0.47907074
b1 7 4 5 0.82251156 0.65646843 0.64991127 0.40202707 0.37556602 0.35008873 0.29180239
b45 7 1 6 0.59684443 0.59540362 0.59281304 0.43197964 0.41928804 0.40718696 0.34871517
b45 7 2 7 0.59684443 0.59540362 0.59281304 0.43197964 0.41928804 0.40718696 0.34871517
b45 7 4 5 0.59684443 0.59540362 0.59281304 0.43197964 0.41928804 0.40718696 0.34871517
b45 7 1 7 0.62888322 0.61332515 0.57524698 0.45511659 0.4303694 0.42475302 0.33319649
b1 7 3 7 1.0 1.0 0.28111945 0.28111945 0.28111945 0.28111945 0.28111945
b1 7 5 7 1.0 1.0 0.28111945 0.28111945 0.28111945 0.28111945 0.28111945
b1 7 6 7 1.0 1.0 0.28111945 0.28111945 0.28111945 0.28111945 0.28111945
b45 7 4 6 0.65602014 0.64561321 0.46630618 0.45265621 0.35438679 0.35438679 0.35438679
b1 7 2 5 1.0 0.55747278 0.53643964 0.51630342 0.46706368 0.41592301 0.29483128
b1 7 4 7 1.0 0.55747278 0.53643964 0.51630342 0.46706368 0.41592301 0.29483128
b1 7 2 6 0.98941877 0.8097594 0.6020829 0.41262848 0.3614621 0.29393342 0.2934381
b1 7 4 6 0.88419823 0.77889465 0.4315564 0.42063413 0.38317406 0.32749753 0.28932841
b1 7 1 7 0.69757243 0.69757243 0.69757243 0.30242757 0.30242757 0.30242757 0.30242757
b45 7 6 7 0.81962658 0.81245384 0.53604241 0.46395759 0.35626584 0.3117336 0.2711156
b45 8 1 5 0.5 0.5 0.5 0.5 0.5 0.5 0.5 0.32302304
b45 8 2 6 0.5 0.5 0.5 0.5 0.5 0.5 0.5 0.32302304
b45 8 3 7 0.5 0.5 0.5 0.5 0.5 0.5 0.5 0.32302304
b45 8 4 8 0.5 0.5 0.5 0.5 0.5 0.5 0.5 0.32302304
b1 8 2 8 0.76574574 0.74116157 0.41714459 0.36103704 0.33229432 0.31004608 0.27529296 0.27280933
b1 8 3 5 0.76574574 0.74116157 0.41714459 0.36103704 0.33229432 0.31004608 0.27529296 0.27280933
b1 8 4 6 0.76574574 0.74116157 0.41714459 0.36103704 0.33229432 0.31004608 0.27529296 0.27280933
b1 8 4 7 0.76574574 0.74116157 0.41714459 0.36103704 0.33229432 0.31004608 0.27529296 0.27280933
b1 8 6 7 0.76574574 0.74116157 0.41714459 0.36103704 0.33229432 0.31004608 0.27529296 0.27280933
b1 8 2 5 1.0 0.55607018 0.50503084 0.28462014 0.28316586 0.28286281 0.28155528 0.27726525
b1 8 2 6 1.0 0.55607018 0.50503084 0.28462014 0.28316586 0.28286281 0.28155528 0.27726525
b1 8 3 7 1.0 0.55607018 0.50503084 0.28462014 0.28316586 0.28286281 0.28155528 0.27726525
b1 8 3 8 1.0 0.55607018 0.50503084 0.28462014 0.28316586 0.28286281 0.28155528 0.27726525
b1 8 5 6 1.0 0.55607018 0.50503084 0.28462014 0.28316586 0.28286281 0.28155528 0.27726525
b1 8 7 8 1.0 0.55607018 0.50503084 0.28462014 0.28316586 0.28286281 0.28155528 0.27726525
b1 8 2 7 0.79854201 0.69274398 0.44069458 0.41387823 0.3760723 0.32875196 0.30725602 0.27884276
b1 8 4 8 0.79854201 0.69274398 0.44069458 0.41387823 0.3760723 0.32875196 0.30725602 0.27884276
b1 8 6 8 0.79854201 0.69274398 0.44069458 0.41387823 0.3760723 0.32875196 0.30725602 0.27884276
b45 8 1 7 0.67156864 0.64752799 0.5412958 0.46135809 0.41188335 0.38507537 0.35247201 0.27834558
b45 8 2 8 0.67156864 0.64752799 0.5412958 0.46135809 0.41188335 0.38507537 0.35247201 0.27834558
b45 8 3 5 0.67156864 0.64752799 0.5412958 0.46135809 0.41188335 0.38507537 0.35247201 0.27834558
b45 8 4 6 0.67156864 0.64752799 0.5412958 0.46135809 0.41188335 0.38507537 0.35247201 0.27834558
b45 8 1 6 0.70022307 0.58890866 0.5322246 0.52151651 0.3572503 0.31650407 0.30705348 0.29977693
b45 8 2 5 0.70022307 0.58890866 0.5322246 0.52151651 0.3572503 0.31650407 0.30705348 0.29977693
b45 8 1 8 0.65601834 0.34398166 0.34398166 0.34398166 0.34398166 0.34398166 0.34398166 0.34398166
b45 8 3 6 0.65601834 0.34398166 0.34398166 0.34398166 0.34398166 0.34398166 0.34398166 0.34398166
b45 8 4 7 0.65601834 0.34398166 0.34398166 0.34398166 0.34398166 0.34398166 0.34398166 0.34398166
b1 8 3 6 0.80886516 0.64408996 0.60159695 0.3939444 0.35705708 0.35591004 0.32183054 0.29974219
b1 8 4 5 0.80886516 0.64408996 0.60159695 0.3939444 0.35705708 0.35591004 0.32183054 0.29974219
b1 8 5 8 0.80886516 0.64408996 0.60159695 0.3939444 0.35705708 0.35591004 0.32183054 0.29974219
b45 8 3 8 0.66726904 0.65805062 0.54021985 0.53590643 0.46409357 0.3511241 0.33257481 0.28537328
b45 8 7 8 0.66726904 0.65805062 0.54021985 0.53590643 0.46409357 0.3511241 0.33257481 0.28537328
b45 8 2 7 0.62856684 0.56714744 0.53757648 0.52528917 0.47471083 0.2924052 0.2873442 0.27202061
b45 8 6 7 0.62856684 0.56714744 0.53757648 0.52528917 0.47471083 0.2924052 0.2873442 0.27202061
b45 8 4 5 0.61562646 0.59782822 0.59714773 0.42383168 0.41920084 0.40285227 0.34143684 0.31861755
b1 8 1 7 0.72583017 0.72583017 0.72583017 0.27416983 0.27416983 0.27416983 0.27416983 0.27416983
b45 8 6 8 0.79434867 0.6178855 0.42732975 0.41361189 0.3821145 0.36533015 0.31757341 0.30342141
b1 8 5 7 1.0 0.29434785 0.29434785 0.29434785 0.29434785 0.29434785 0.29434785 0.29434785
b1 8 1 8 0.67815301 0.67815301 0.41730767 0.32184699 0.32184699 0.32184699 0.32184699 0.32184699
b45 9 1 5 0.40417682 0.40417682 0.40417682 0.40417682 0.40417682 0.40417682 0.40417682 0.29791159 0.29791159
b45 9 2 6 0.40417682 0.40417682 0.40417682 0.40417682 0.40417682 0.40417682 0.40417682 0.29791159 0.29791159
b45 9 3 7 0.40417682 0.40417682 0.40417682 0.40417682 0.40417682 0.40417682 0.40417682 0.29791159 0.29791159
b45 9 4 8 0.40417682 0.40417682 0.40417682 0.40417682 0.40417682 0.40417682 0.40417682 0.29791159 0.29791159
b45 9 4 9 0.40417682 0.40417682 0.40417682 0.40417682 0.40417682 0.40417682 0.40417682 0.29791159 0.29791159
b45 9 8 9 0.40417682 0.40417682 0.40417682 0.40417682 0.40417682 0.40417682 0.40417682 0.29791159 0.29791159
b1 9 1 9 0.71061912 0.71061912 0.28938088 0.28938088 0.28938088 0.28938088 0.28938088 0.28938088 0.28938088
b1 9 3 5 0.71061912 0.71061912 0.28938088 0.28938088 0.28938088 0.28938088 0.28938088 0.28938088 0.28938088
b1 9 3 7 0.71061912 0.71061912 0.28938088 0.28938088 0.28938088 0.28938088 0.28938088 0.28938088 0.28938088
b1 9 4 6 0.71061912 0.71061912 0.28938088 0.28938088 0.28938088 0.28938088 0.28938088 0.28938088 0.28938088
b1 9 4 8 0.71061912 0.71061912 0.28938088 0.28938088 0.28938088 0.28938088 0.28938088 0.28938088 0.28938088
b1 9 5 7 0.71061912 0.71061912 0.28938088 0.28938088 0.28938088 0.28938088 0.28938088 0.28938088 0.28938088
b1 9 6 8 0.71061912 0.71061912 0.28938088 0.28938088 0.28938088 0.28938088 0.28938088 0.28938088 0.28938088
b45 9 2 9 0.43559046 0.43559046 0.43559046 0.43559046 0.43559046 0.33333333 0.33333333 0.33333333 0.33333333
b45 9 6 9 0.43559046 0.43559046 0.43559046 0.43559046 0.43559046 0.33333333 0.33333333 0.33333333 0.33333333
b45 9 1 7 0.60046537 0.51963317 0.51766316 0.41815911 0.39353117 0.38195952 0.34024021 0.33708158 0.32267821
b45 9 2 5 0.60046537 0.51963317 0.51766316 0.41815911 0.39353117 0.38195952 0.34024021 0.33708158 0.32267821
b45 9 3 6 0.60046537 0.51963317 0.51766316 0.41815911 0.39353117 0.38195952 0.34024021 0.33708158 0.32267821
b45 9 3 9 0.3719325 0.3719325 0.33333333 0.33333333 0.33333333 0.33333333 0.33333333 0.33333333 0.33333333
b45 9 7 9 0.3719325 0.3719325 0.33333333 0.33333333 0.33333333 0.33333333 0.33333333 0.33333333 0.33333333
b1 9 2 5 0.88135991 0.65294938 0.42459642 0.37111963 0.32700388 0.29649497 0.28903676 0.28791561 0.28748797
b1 9 3 6 0.88135991 0.65294938 0.42459642 0.37111963 0.32700388 0.29649497 0.28903676 0.28791561 0.28748797
b1 9 4 9 0.88135991 0.65294938 0.42459642 0.37111963 0.32700388 0.29649497 0.28903676 0.28791561 0.28748797
b1 9 6 7 0.88135991 0.65294938 0.42459642 0.37111963 0.32700388 0.29649497 0.28903676 0.28791561 0.28748797
b1 9 8 9 0.88135991 0.65294938 0.42459642 0.37111963 0.32700388 0.29649497 0.28903676 0.28791561 0.28748797
b45 9 1 8 0.64489068 0.61953658 0.52598569 0.40786652 0.39986676 0.35648487 0.35510932 0.32380061 0.2671959
b45 9 2 7 0.64489068 0.61953658 0.52598569 0.40786652 0.39986676 0.35648487 0.35510932 0.32380061 0.2671959
b45 9 3 5 0.64489068 0.61953658 0.52598569 0.40786652 0.39986676 0.35648487 0.35510932 0.32380061 0.2671959
b45 9 4 6 0.64489068 0.61953658 0.52598569 0.40786652 0.39986676 0.35648487 0.35510932 0.32380061 0.2671959
b45 9 2 8 0.56631133 0.56465171 0.56225794 0.40404169 0.40285073 0.39707419 0.35252302 0.3366362 0.31084078
b45 9 4 5 0.56631133 0.56465171 0.56225794 0.40404169 0.40285073 0.39707419 0.35252302 0.3366362 0.31084078
b45 9 5 9 0.56631133 0.56465171 0.56225794 0.40404169 0.40285073 0.39707419 0.35252302 0.3366362 0.31084078
b45 9 4 7 0.53547495 0.33333333 0.33333333 0.33333333 0.33333333 0.33333333 0.33333333 0.33333333 0.33333333
b45 9 1 6 0.5865555 0.56710575 0.56103233 0.43328365 0.40360124 0.39909598 0.34051124 0.34016743 0.31932134
b1 9 2 8 0.71346186 0.33333333 0.33333333 0.33333333 0.33333333 0.33333333 0.33333333 0.33333333 0.33333333
b1 9 3 9 0.71346186 0.33333333 0.33333333 0.33333333 0.33333333 0.33333333 0.33333333 0.33333333 0.33333333
b1 9 4 7 0.71346186 0.33333333 0.33333333 0.33333333 0.33333333 0.33333333 0.33333333 0.33333333 0.33333333
b1 9 5 8 0.71346186 0.33333333 0.33333333 0.33333333 0.33333333 0.33333333 0.33333333 0.33333333 0.33333333
b1 9 6 9 0.71346186 0.33333333 0.33333333 0.33333333 0.33333333 0.33333333 0.33333333 0.33333333 0.33333333
b45 9 1 9 0.33333333 0.33333333 0.33333333 0.33333333 0.33333333 0.33333333 0.33333333 0.33333333 0.33333333
b1 9 7 8 0.80127761 0.4696301 0.452423 0.44650557 0.3050875 0.28943361 0.28717387 0.27688124 0.27661319
b45 9 3 8 0.49732956 0.49732956 0.49732956 0.49732956 0.49732956 0.33333333 0.33333333 0.33333333 0.33333333
b45 9 6 7 0.49732956 0.49732956 0.49732956 0.49732956 0.49732956 0.33333333 0.33333333 0.33333333 0.33333333
b1 9 1 7 0.70796435 0.70796435 0.70796435 0.29203565 0.29203565 0.29203565 0.29203565 0.29203565 0.29203565
b1 9 4 5 0.70796435 0.70796435 0.70796435 0.29203565 0.29203565 0.29203565 0.29203565 0.29203565 0.29203565
b1 9 5 6 0.70796435 0.70796435 0.70796435 0.29203565 0.29203565 0.29203565 0.29203565 0.29203565 0.29203565
b1 9 2 6 1.0 0.4747378 0.47044453 0.34704408 0.32052311 0.3143583 0.31176632 0.31076529 0.31034908
b1 9 3 8 1.0 0.4747378 0.47044453 0.34704408 0.32052311 0.3143583 0.31176632 0.31076529 0.31034908
b45 9 7 8 0.5 0.5 0.5 0.5 0.5 0.5 0.29679615 0.29679615 0.29679615
b1 9 2 7 0.72911006 0.57880138 0.42119862 0.32060361 0.31628609 0.31323158 0.31232627 0.31209867 0.3120944
b1 9 2 9 0.9562296 0.47088599 0.38717528 0.36756376 0.35701218 0.34513039 0.32417566 0.30826058 0.29079507
b1 9 5 9 0.9562296 0.47088599 0.38717528 0.36756376 0.35701218 0.34513039 0.32417566 0.30826058 0.29079507
b1 9 7 9 0.86478979 0.6405908 0.40397124 0.37017587 0.3594092 0.32279921 0.31959735 0.28377036 0.27214104
b45 9 6 8 0.72427287 0.66079321 0.3839665 0.37066502 0.35560375 0.30753775 0.28917741 0.28329447 0.27572713
b1 9 1 8 0.6695971 0.6695971 0.48214457 0.3304029 0.3304029 0.3304029 0.3304029 0.3304029 0.3304029
b45 10 1 5 0.51496396 0.51134851 0.48691614 0.38971892 0.38939493 0.38326795 0.32038447 0.31677426 0.29995779 0.28114467
b45 10 2 6 0.51496396 0.51134851 0.48691614 0.38971892 0.38939493 0.38326795 0.32038447 0.31677426 0.29995779 0.28114467
b45 10 3 7 0.51496396 0.51134851 0.48691614 0.38971892 0.38939493 0.38326795 0.32038447 0.31677426 0.29995779 0.28114467
b45 10 3 10 0.51496396 0.51134851 0.48691614 0.38971892 0.38939493 0.38326795 0.32038447 0.31677426 0.29995779 0.28114467
b45 10 4 8 0.51496396 0.51134851 0.48691614 0.38971892 0.38939493 0.38326795 0.32038447 0.31677426 0.29995779 0.28114467
b45 10 4 9 0.51496396 0.51134851 0.48691614 0.38971892 0.38939493 0.38326795 0.32038447 0.31677426 0.29995779 0.28114467
b45 10 7 10 0.51496396 0.51134851 0.48691614 0.38971892 0.38939493 0.38326795 0.32038447 0.31677426 0.29995779 0.28114467
b45 10 8 9 0.51496396 0.51134851 0.48691614 0.38971892 0.38939493 0.38326795 0.32038447 0.31677426 0.29995779 0.28114467
b45 10 3 9 0.38048876 0.38048876 0.36241205 0.36241205 0.36241205 0.36241205 0.36241205 0.36241205 0.27517589 0.27517589
b45 10 4 10 0.38048876 0.38048876 0.36241205 0.36241205 0.36241205 0.36241205 0.36241205 0.36241205 0.27517589 0.27517589
b45 10 7 9 0.38048876 0.38048876 0.36241205 0.36241205 0.36241205 0.36241205 0.36241205 0.36241205 0.27517589 0.27517589
b45 10 8 10 0.38048876 0.38048876 0.36241205 0.36241205 0.36241205 0.36241205 0.36241205 0.36241205 0.27517589 0.27517589
b45 10 1 6 0.5 0.5 0.5 0.32301201 0.32301201 0.32301201 0.32301201 0.32301201 0.32301201 0.32301201
b45 10 1 10 0.5 0.5 0.5 0.32301201 0.32301201 0.32301201 0.32301201 0.32301201 0.32301201 0.32301201
b45 10 2 7 0.5 0.5 0.5 0.32301201 0.32301201 0.32301201 0.32301201 0.32301201 0.32301201 0.32301201
b45 10 3 8 0.5 0.5 0.5 0.32301201 0.32301201 0.32301201 0.32301201 0.32301201 0.32301201 0.32301201
b45 10 4 5 0.5 0.5 0.5 0.32301201 0.32301201 0.32301201 0.32301201 0.32301201 0.32301201 0.32301201
b45 10 5 9 0.5 0.5 0.5 0.32301201 0.32301201 0.32301201 0.32301201 0.32301201 0.32301201 0.32301201
b45 10 6 10 0.5 0.5 0.5 0.32301201 0.32301201 0.32301201 0.32301201 0.32301201 0.32301201 0.32301201
b45 10 1 9 0.33333333 0.33333333 0.33333333 0.33333333 0.33333333 0.33333333 0.33333333 0.33333333 0.33333333 0.28053726
b45 10 2 10 0.33333333 0.33333333 0.33333333 0.33333333 0.33333333 0.33333333 0.33333333 0.33333333 0.33333333 0.28053726
b45 10 1 7 0.4565622 0.4565622 0.33333333 0.33333333 0.33333333 0.33333333 0.33333333 0.33333333 0.33333333 0.33333333
b45 10 2 8 0.4565622 0.4565622 0.33333333 0.33333333 0.33333333 0.33333333 0.33333333 0.33333333 0.33333333 0.33333333
b45 10 3 5 0.4565622 0.4565622 0.33333333 0.33333333 0.33333333 0.33333333 0.33333333 0.33333333 0.33333333 0.33333333
b45 10 4 6 0.4565622 0.4565622 0.33333333 0.33333333 0.33333333 0.33333333 0.33333333 0.33333333 0.33333333 0.33333333
b45 10 5 10 0.346369 0.346369 0.346369 0.346369 0.346369 0.346369 0.346369 0.307262 0.307262 0.307262
b45 10 6 7 0.46214014 0.46214014 0.46214014 0.46214014 0.46214014 0.26892993 0.26892993 0.26892993 0.26892993 0.26892993
b1 10 2 5 0.68609667 0.367871 0.367871 0.367871 0.31698857 0.31698857 0.31514043 0.31514043 0.31514043 0.31514043
b1 10 2 9 0.68609667 0.367871 0.367871 0.367871 0.31698857 0.31698857 0.31514043 0.31514043 0.31514043 0.31514043
b1 10 3 6 0.68609667 0.367871 0.367871 0.367871 0.31698857 0.31698857 0.31514043 0.31514043 0.31514043 0.31514043
b1 10 3 10 0.68609667 0.367871 0.367871 0.367871 0.31698857 0.31698857 0.31514043 0.31514043 0.31514043 0.31514043
b1 10 4 7 0.68609667 0.367871 0.367871 0.367871 0.31698857 0.31698857 0.31514043 0.31514043 0.31514043 0.31514043
b1 10 4 8 0.68609667 0.367871 0.367871 0.367871 0.31698857 0.31698857 0.31514043 0.31514043 0.31514043 0.31514043
b1 10 5 9 0.68609667 0.367871 0.367871 0.367871 0.31698857 0.31698857 0.31514043 0.31514043 0.31514043 0.31514043
b1 10 6 10 0.68609667 0.367871 0.367871 0.367871 0.31698857 0.31698857 0.31514043 0.31514043 0.31514043 0.31514043
b1 10 7 8 0.68609667 0.367871 0.367871 0.367871 0.31698857 0.31698857 0.31514043 0.31514043 0.31514043 0.31514043
b1 10 2 6 1.0 0.28102849 0.28102849 0.28102849 0.28102849 0.28102849 0.28102849 0.28102849 0.28102849 0.28102849
b1 10 2 7 1.0 0.28102849 0.28102849 0.28102849 0.28102849 0.28102849 0.28102849 0.28102849 0.28102849 0.28102849
b1 10 3 8 1.0 0.28102849 0.28102849 0.28102849 0.28102849 0.28102849 0.28102849 0.28102849 0.28102849 0.28102849
b1 10 3 9 1.0 0.28102849 0.28102849 0.28102849 0.28102849 0.28102849 0.28102849 0.28102849 0.28102849 0.28102849
b1 10 5 6 1.0 0.28102849 0.28102849 0.28102849 0.28102849 0.28102849 0.28102849 0.28102849 0.28102849 0.28102849
b1 10 5 7 1.0 0.28102849 0.28102849 0.28102849 0.28102849 0.28102849 0.28102849 0.28102849 0.28102849 0.28102849
b1 10 6 7 1.0 0.28102849 0.28102849 0.28102849 0.28102849 0.28102849 0.28102849 0.28102849 0.28102849 0.28102849
b1 10 8 9 1.0 0.28102849 0.28102849 0.28102849 0.28102849 0.28102849 0.28102849 0.28102849 0.28102849 0.28102849
b1 10 8 10 1.0 0.28102849 0.28102849 0.28102849 0.28102849 0.28102849 0.28102849 0.28102849 0.28102849 0.28102849
b1 10 9 10 1.0 0.28102849 0.28102849 0.28102849 0.28102849 0.28102849 0.28102849 0.28102849 0.28102849 0.28102849
b45 10 2 9 0.36878442 0.36427866 0.36427866 0.36427866 0.36427866 0.36427866 0.36427866 0.36427866 0.27144268 0.27144268
b45 10 6 9 0.36878442 0.36427866 0.36427866 0.36427866 0.36427866 0.36427866 0.36427866 0.36427866 0.27144268 0.27144268
b1 10 3 7 0.88427381 0.33333333 0.33333333 0.33333333 0.33333333 0.33333333 0.33333333 0.33333333 0.33333333 0.33333333
b1 10 4 9 0.88427381 0.33333333 0.33333333 0.33333333 0.33333333 0.33333333 0.33333333 0.33333333 0.33333333 0.33333333
b1 10 4 10 0.88427381 0.33333333 0.33333333 0.33333333 0.33333333 0.33333333 0.33333333 0.33333333 0.33333333 0.33333333
b45 10 7 8 0.45850523 0.45850523 0.45850523 0.45850523 0.45850523 0.45850523 0.27074739 0.27074739 0.27074739 0.27074739
b45 10 9 10 0.45850523 0.45850523 0.45850523 0.45850523 0.45850523 0.45850523 0.27074739 0.27074739 0.27074739 0.27074739
b45 10 1 8 0.65160726 0.41806578 0.40655602 0.36524612 0.35696385 0.33915787 0.32252655 0.31918268 0.31746989 0.317284
b45 10 2 5 0.65160726 0.41806578 0.40655602 0.36524612 0.35696385 0.33915787 0.32252655 0.31918268 0.31746989 0.317284
b45 10 3 6 0.65160726 0.41806578 0.40655602 0.36524612 0.35696385 0.33915787 0.32252655 0.31918268 0.31746989 0.317284
b45 10 4 7 0.65160726 0.41806578 0.40655602 0.36524612 0.35696385 0.33915787 0.32252655 0.31918268 0.31746989 0.317284
b1 10 7 9 0.98711482 0.45826983 0.2917498 0.27965117 0.27299629 0.27287277 0.2714996 0.27144765 0.27107567 0.2706545
b1 10 1 9 0.67120332 0.67120332 0.32879668 0.32879668 0.32879668 0.32879668 0.32879668 0.32879668 0.32879668 0.32879668
b1 10 2 10 0.67120332 0.67120332 0.32879668 0.32879668 0.32879668 0.32879668 0.32879668 0.32879668 0.32879668 0.32879668
b1 10 3 5 0.67120332 0.67120332 0.32879668 0.32879668 0.32879668 0.32879668 0.32879668 0.32879668 0.32879668 0.32879668
b1 10 4 6 0.67120332 0.67120332 0.32879668 0.32879668 0.32879668 0.32879668 0.32879668 0.32879668 0.32879668 0.32879668
b1 10 6 8 0.67120332 0.67120332 0.32879668 0.32879668 0.32879668 0.32879668 0.32879668 0.32879668 0.32879668 0.32879668
b1 10 5 10 0.73206042 0.58281919 0.46413698 0.38148519 0.29374164 0.2883384 0.28393339 0.26810228 0.26793958 0.2666897
b1 10 1 10 0.72282473 0.48102234 0.39236512 0.3685304 0.32188321 0.31206055 0.29317562 0.29280805 0.28815484 0.27717527
b1 10 6 9 0.72282473 0.48102234 0.39236512 0.3685304 0.32188321 0.31206055 0.29317562 0.29280805 0.28815484 0.27717527
b1 10 2 8 0.78382842 0.33333333 0.33333333 0.33333333 0.33333333 0.33333333 0.33333333 0.33333333 0.33333333 0.33333333
b1 10 5 8 0.78382842 0.33333333 0.33333333 0.33333333 0.33333333 0.33333333 0.33333333 0.33333333 0.33333333 0.33333333
b1 10 7 10 0.78382842 0.33333333 0.33333333 0.33333333 0.33333333 0.33333333 0.33333333 0.33333333 0.33333333 0.33333333
b1 10 4 5 0.63966645 0.52660835 0.47339165 0.32471268 0.30184396 0.2925997 0.2822 0.27577484 0.27346137 0.27346071
b45 10 6 8 0.70779044 0.59499508 0.41198648 0.37131521 0.35592557 0.32948851 0.29621255 0.29528273 0.29273079 0.29036624
b1 10 1 8 0.61294194 0.61294194 0.41611424 0.29194288 0.29194288 0.29194288 0.29194288 0.29194288 0.29194288 0.29194288
b45 11 1 5 0.36446065 0.36446065 0.36446065 0.36446065 0.36446065 0.36446065 0.36446065 0.27107871 0.27107871 0.27107871 0.27107871
b45 11 1 10 0.36446065 0.36446065 0.36446065 0.36446065 0.36446065 0.36446065 0.36446065 0.27107871 0.27107871 0.27107871 0.27107871
b45 11 2 6 0.36446065 0.36446065 0.36446065 0.36446065 0.36446065 0.36446065 0.36446065 0.27107871 0.27107871 0.27107871 0.27107871
b45 11 2 11 0.36446065 0.36446065 0.36446065 0.36446065 0.36446065 0.36446065 0.36446065 0.27107871 0.27107871 0.27107871 0.27107871
b45 11 3 7 0.36446065 0.36446065 0.36446065 0.36446065 0.36446065 0.36446065 0.36446065 0.27107871 0.27107871 0.27107871 0.27107871
b45 11 4 8 0.36446065 0.36446065 0.36446065 0.36446065 0.36446065 0.36446065 0.36446065 0.27107871 0.27107871 0.27107871 0.27107871
b45 11 4 9 0.36446065 0.36446065 0.36446065 0.36446065 0.36446065 0.36446065 0.36446065 0.27107871 0.27107871 0.27107871 0.27107871
b45 11 5 10 0.36446065 0.36446065 0.36446065 0.36446065 0.36446065 0.36446065 0.36446065 0.27107871 0.27107871 0.27107871 0.27107871
b45 11 6 11 0.36446065 0.36446065 0.36446065 0.36446065 0.36446065 0.36446065 0.36446065 0.27107871 0.27107871 0.27107871 0.27107871
b45 11 8 9 0.36446065 0.36446065 0.36446065 0.36446065 0.36446065 0.36446065 0.36446065 0.27107871 0.27107871 0.27107871 0.27107871
b45 11 1 8 0.50725614 0.33333333 0.33333333 0.33333333 0.33333333 0.33333333 0.33333333 0.33333333 0.33333333 0.33333333 0.33333333
b45 11 2 5 0.50725614 0.33333333 0.33333333 0.33333333 0.33333333 0.33333333 0.33333333 0.33333333 0.33333333 0.33333333 0.33333333
b45 11 2 9 0.50725614 0.33333333 0.33333333 0.33333333 0.33333333 0.33333333 0.33333333 0.33333333 0.33333333 0.33333333 0.33333333
b45 11 3 6 0.50725614 0.33333333 0.33333333 0.33333333 0.33333333 0.33333333 0.33333333 0.33333333 0.33333333 0.33333333 0.33333333
b45 11 3 10 0.50725614 0.33333333 0.33333333 0.33333333 0.33333333 0.33333333 0.33333333 0.33333333 0.33333333 0.33333333 0.33333333
b45 11 4 7 0.50725614 0.33333333 0.33333333 0.33333333 0.33333333 0.33333333 0.33333333 0.33333333 0.33333333 0.33333333 0.33333333
b45 11 4 11 0.50725614 0.33333333 0.33333333 0.33333333 0.33333333 0.33333333 0.33333333 0.33333333 0.33333333 0.33333333 0.33333333
b45 11 5 9 0.50725614 0.33333333 0.33333333 0.33333333 0.33333333 0.33333333 0.33333333 0.33333333 0.33333333 0.33333333 0.33333333
b45 11 6 10 0.50725614 0.33333333 0.33333333 0.33333333 0.33333333 0.33333333 0.33333333 0.33333333 0.33333333 0.33333333 0.33333333
b45 11 7 11 0.50725614 0.33333333 0.33333333 0.33333333 0.33333333 0.33333333 0.33333333 0.33333333 0.33333333 0.33333333 0.33333333
b45 11 1 9 0.33333333 0.33333333 0.33333333 0.33333333 0.33333333 0.33333333 0.33333333 0.33333333 0.33333333 0.33333333 0.33333333
b45 11 2 10 0.33333333 0.33333333 0.33333333 0.33333333 0.33333333 0.33333333 0.33333333 0.33333333 0.33333333 0.33333333 0.33333333
b45 11 3 11 0.33333333 0.33333333 0.33333333 0.33333333 0.33333333 0.33333333 0.33333333 0.33333333 0.33333333 0.33333333 0.33333333
b45 11 1 11 0.36646914 0.36646914 0.33333333 0.33333333 0.33333333 0.33333333 0.33333333 0.33333333 0.33333333 0.33333333 0.33333333
b45 11 3 9 0.36646914 0.36646914 0.33333333 0.33333333 0.33333333 0.33333333 0.33333333 0.33333333 0.33333333 0.33333333 0.33333333
b45 11 4 10 0.36646914 0.36646914 0.33333333 0.33333333 0.33333333 0.33333333 0.33333333 0.33333333 0.33333333 0.33333333 0.33333333
b45 11 5 11 0.36646914 0.36646914 0.33333333 0.33333333 0.33333333 0.33333333 0.33333333 0.33333333 0.33333333 0.33333333 0.33333333
b45 11 7 9 0.36646914 0.36646914 0.33333333 0.33333333 0.33333333 0.33333333 0.33333333 0.33333333 0.33333333 0.33333333 0.33333333
b45 11 8 10 0.36646914 0.36646914 0.33333333 0.33333333 0.33333333 0.33333333 0.33333333 0.33333333 0.33333333 0.33333333 0.33333333
b45 11 6 9 0.38605383 0.38605383 0.38605383 0.38605383 0.38605383 0.30697309 0.30697309 0.30697309 0.30697309 0.30697309 0.30697309
b45 11 7 10 0.38605383 0.38605383 0.38605383 0.38605383 0.38605383 0.30697309 0.30697309 0.30697309 0.30697309 0.30697309 0.30697309
b45 11 8 11 0.38605383 0.38605383 0.38605383 0.38605383 0.38605383 0.30697309 0.30697309 0.30697309 0.30697309 0.30697309 0.30697309
b45 11 1 7 0.5 0.5 0.29504226 0.29504226 0.29504226 0.29504226 0.29504226 0.29504226 0.29504226 0.29504226 0.29504226
b45 11 2 8 0.5 0.5 0.29504226 0.29504226 0.29504226 0.29504226 0.29504226 0.29504226 0.29504226 0.29504226 0.29504226
b45 11 3 5 0.5 0.5 0.29504226 0.29504226 0.29504226 0.29504226 0.29504226 0.29504226 0.29504226 0.29504226 0.29504226
b45 11 4 6 0.5 0.5 0.29504226 0.29504226 0.29504226 0.29504226 0.29504226 0.29504226 0.29504226 0.29504226 0.29504226
b45 11 2 7 0.43738353 0.43738353 0.43738353 0.43738353 0.43738353 0.28130824 0.28130824 0.28130824 0.28130824 0.28130824 0.28130824
b45 11 3 8 0.43738353 0.43738353 0.43738353 0.43738353 0.43738353 0.28130824 0.28130824 0.28130824 0.28130824 0.28130824 0.28130824
b45 11 6 7 0.43738353 0.43738353 0.43738353 0.43738353 0.43738353 0.28130824 0.28130824 0.28130824 0.28130824 0.28130824 0.28130824
b45 11 10 11 0.43738353 0.43738353 0.43738353 0.43738353 0.43738353 0.28130824 0.28130824 0.28130824 0.28130824 0.28130824 0.28130824
b45 11 1 6 0.42304591 0.42304591 0.42304591 0.28847705 0.28847705 0.28847705 0.28847705 0.28847705 0.28847705 0.28847705 0.28847705
b45 11 4 5 0.42304591 0.42304591 0.42304591 0.28847705 0.28847705 0.28847705 0.28847705 0.28847705 0.28847705 0.28847705 0.28847705
b1 11 1 11 0.72069479 0.27930521 0.27930521 0.27930521 0.27930521 0.27930521 0.27930521 0.27930521 0.27930521 0.27930521 0.27930521
b1 11 2 5 0.72069479 0.27930521 0.27930521 0.27930521 0.27930521 0.27930521 0.27930521 0.27930521 0.27930521 0.27930521 0.27930521
b1 11 2 6 0.72069479 0.27930521 0.27930521 0.27930521 0.27930521 0.27930521 0.27930521 0.27930521 0.27930521 0.27930521 0.27930521
b1 11 3 7 0.72069479 0.27930521 0.27930521 0.27930521 0.27930521 0.27930521 0.27930521 0.27930521 0.27930521 0.27930521 0.27930521
b1 11 3 8 0.72069479 0.27930521 0.27930521 0.27930521 0.27930521 0.27930521 0.27930521 0.27930521 0.27930521 0.27930521 0.27930521
b1 11 4 9 0.72069479 0.27930521 0.27930521 0.27930521 0.27930521 0.27930521 0.27930521 0.27930521 0.27930521 0.27930521 0.27930521
b1 11 4 10 0.72069479 0.27930521 0.27930521 0.27930521 0.27930521 0.27930521 0.27930521 0.27930521 0.27930521 0.27930521 0.27930521
b1 11 5 6 0.72069479 0.27930521 0.27930521 0.27930521 0.27930521 0.27930521 0.27930521 0.27930521 0.27930521 0.27930521 0.27930521
b1 11 7 8 0.72069479 0.27930521 0.27930521 0.27930521 0.27930521 0.27930521 0.27930521 0.27930521 0.27930521 0.27930521 0.27930521
b1 11 9 10 0.72069479 0.27930521 0.27930521 0.27930521 0.27930521 0.27930521 0.27930521 0.27930521 0.27930521 0.27930521 0.27930521
b1 11 2 8 0.67692866 0.32307134 0.32307134 0.32307134 0.32307134 0.32307134 0.32307134 0.32307134 0.32307134 0.32307134 0.32307134
b1 11 3 6 0.67692866 0.32307134 0.32307134 0.32307134 0.32307134 0.32307134 0.32307134 0.32307134 0.32307134 0.32307134 0.32307134
b1 11 3 9 0.67692866 0.32307134 0.32307134 0.32307134 0.32307134 0.32307134 0.32307134 0.32307134 0.32307134 0.32307134 0.32307134
b1 11 4 7 0.67692866 0.32307134 0.32307134 0.32307134 0.32307134 0.32307134 0.32307134 0.32307134 0.32307134 0.32307134 0.32307134
b1 11 5 8 0.67692866 0.32307134 0.32307134 0.32307134 0.32307134 0.32307134 0.32307134 0.32307134 0.32307134 0.32307134 0.32307134
b1 11 6 9 0.67692866 0.32307134 0.32307134 0.32307134 0.32307134 0.32307134 0.32307134 0.32307134 0.32307134 0.32307134 0.32307134
b1 11 7 10 0.67692866 0.32307134 0.32307134 0.32307134 0.32307134 0.32307134 0.32307134 0.32307134 0.32307134 0.32307134 0.32307134
b1 11 2 10 0.73150605 0.34667844 0.3145027 0.29416383 0.28826533 0.27999984 0.27522138 0.27444518 0.26946113 0.26897467 0.26849395
b1 11 4 8 0.73150605 0.34667844 0.3145027 0.29416383 0.28826533 0.27999984 0.27522138 0.27444518 0.26946113 0.26897467 0.26849395
b1 11 5 10 0.73150605 0.34667844 0.3145027 0.29416383 0.28826533 0.27999984 0.27522138 0.27444518 0.26946113 0.26897467 0.26849395
b1 11 1 10 0.70185982 0.45834986 0.40282096 0.32298586 0.29140683 0.27845603 0.27769925 0.27423871 0.27263115 0.27124734 0.2704028
b1 11 2 11 0.70185982 0.45834986 0.40282096 0.32298586 0.29140683 0.27845603 0.27769925 0.27423871 0.27263115 0.27124734 0.2704028
b1 11 5 11 0.70185982 0.45834986 0.40282096 0.32298586 0.29140683 0.27845603 0.27769925 0.27423871 0.27263115 0.27124734 0.2704028
b1 11 2 7 0.59049227 0.45388842 0.30696739 0.27305579 0.27305579 0.27305579 0.27305579 0.27305579 0.27305579 0.27305579 0.27305579
b1 11 3 5 0.59049227 0.45388842 0.30696739 0.27305579 0.27305579 0.27305579 0.27305579 0.27305579 0.27305579 0.27305579 0.27305579
b1 11 4 6 0.59049227 0.45388842 0.30696739 0.27305579 0.27305579 0.27305579 0.27305579 0.27305579 0.27305579 0.27305579 0.27305579
b1 11 5 9 0.59049227 0.45388842 0.30696739 0.27305579 0.27305579 0.27305579 0.27305579 0.27305579 0.27305579 0.27305579 0.27305579
b1 11 6 8 0.59049227 0.45388842 0.30696739 0.27305579 0.27305579 0.27305579 0.27305579 0.27305579 0.27305579 0.27305579 0.27305579
b1 11 7 11 0.59049227 0.45388842 0.30696739 0.27305579 0.27305579 0.27305579 0.27305579 0.27305579 0.27305579 0.27305579 0.27305579
b1 11 1 9 0.68630976 0.46470485 0.41416961 0.38491481 0.27802844 0.27544004 0.270534 0.27006409 0.26812857 0.26780081 0.26749434
b1 11 3 10 0.68630976 0.46470485 0.41416961 0.38491481 0.27802844 0.27544004 0.270534 0.27006409 0.26812857 0.26780081 0.26749434
b1 11 6 10 0.68630976 0.46470485 0.41416961 0.38491481 0.27802844 0.27544004 0.270534 0.27006409 0.26812857 0.26780081 0.26749434
b45 11 7 8 0.41132687 0.41132687 0.41132687 0.41132687 0.41132687 0.32162519 0.26704794 0.26704794 0.26704794 0.26704794 0.26704794
b45 11 9 10 0.41132687 0.41132687 0.41132687 0.41132687 0.41132687 0.32162519 0.26704794 0.26704794 0.26704794 0.26704794 0.26704794
b1 11 6 7 0.72604958 0.31190041 0.27395042 0.27395042 0.27395042 0.27395042 0.27395042 0.27395042 0.27395042 0.27395042 0.27395042
b1 11 8 9 0.72604958 0.31190041 0.27395042 0.27395042 0.27395042 0.27395042 0.27395042 0.27395042 0.27395042 0.27395042 0.27395042
b1 11 3 11 0.5769964 0.44549932 0.44549932 0.27725034 0.27725034 0.27725034 0.27725034 0.27725034 0.27725034 0.27725034 0.27725034
b1 11 4 5 0.5769964 0.44549932 0.44549932 0.27725034 0.27725034 0.27725034 0.27725034 0.27725034 0.27725034 0.27725034 0.27725034
b1 11 2 9 0.70676532 0.34476002 0.34476002 0.29323468 0.29323468 0.29323468 0.29323468 0.29323468 0.29323468 0.29323468 0.29323468
b1 11 7 9 0.71075452 0.33431596 0.28924548 0.28924548 0.28924548 0.28924548 0.28924548 0.28924548 0.28924548 0.28924548 0.28924548
b1 11 6 11 0.65783065 0.4472042 0.4472042 0.2763979 0.2763979 0.2763979 0.2763979 0.2763979 0.2763979 0.2763979 0.2763979
b45 11 6 8 0.46592568 0.42592484 0.42592484 0.42592484 0.42592484 0.29154127 0.29154127 0.28253388 0.28253388 0.28253388 0.28253388
b45 12 1 5 0.33333333 0.33333333 0.33333333 0.33333333 0.33333333 0.33333333 0.33333333 0.33333333 0.33333333 0.33333333 0.33333333 0.33333333
b45 12 1 9 0.33333333 0.33333333 0.33333333 0.33333333 0.33333333 0.33333333 0.33333333 0.33333333 0.33333333 0.33333333 0.33333333 0.33333333
b45 12 2 6 0.33333333 0.33333333 0.33333333 0.33333333 0.33333333 0.33333333 0.33333333 0.33333333 0.33333333 0.33333333 0.33333333 0.33333333
b45 12 2 10 0.33333333 0.33333333 0.33333333 0.33333333 0.33333333 0.33333333 0.33333333 0.33333333 0.33333333 0.33333333 0.33333333 0.33333333
b45 12 3 7 0.33333333 0.33333333 0.33333333 0.33333333 0.33333333 0.33333333 0.33333333 0.33333333 0.33333333 0.33333333 0.33333333 0.33333333
b45 12 3 11 0.33333333 0.33333333 0.33333333 0.33333333 0.33333333 0.33333333 0.33333333 0.33333333 0.33333333 0.33333333 0.33333333 0.33333333
b45 12 4 8 0.33333333 0.33333333 0.33333333 0.33333333 0.33333333 0.33333333 0.33333333 0.33333333 0.33333333 0.33333333 0.33333333 0.33333333
b45 12 4 12 0.33333333 0.33333333 0.33333333 0.33333333 0.33333333 0.33333333 0.33333333 0.33333333 0.33333333 0.33333333 0.33333333 0.33333333
b45 12 5 9 0.33333333 0.33333333 0.33333333 0.33333333 0.33333333 0.33333333 0.33333333 0.33333333 0.33333333 0.33333333 0.33333333 0.33333333
b45 12 6 10 0.33333333 0.33333333 0.33333333 0.33333333 0.33333333 0.33333333 0.33333333 0.33333333 0.33333333 0.33333333 0.33333333 0.33333333
b45 12 7 11 0.33333333 0.33333333 0.33333333 0.33333333 0.33333333 0.33333333 0.33333333 0.33333333 0.33333333 0.33333333 0.33333333 0.33333333
b45 12 8 12 0.33333333 0.33333333 0.33333333 0.33333333 0.33333333 0.33333333 0.33333333 0.33333333 0.33333333 0.33333333 0.33333333 0.33333333
b45 12 1 7 0.46189606 0.46189606 0.26905197 0.26905197 0.26905197 0.26905197 0.26905197 0.26905197 0.26905197 0.26905197 0.26905197 0.26905197
b45 12 1 11 0.46189606 0.46189606 0.26905197 0.26905197 0.26905197 0.26905197 0.26905197 0.26905197 0.26905197 0.26905197 0.26905197 0.26905197
b45 12 2 8 0.46189606 0.46189606 0.26905197 0.26905197 0.26905197 0.26905197 0.26905197 0.26905197 0.26905197 0.26905197 0.26905197 0.26905197
b45 12 2 12 0.46189606 0.46189606 0.26905197 0.26905197 0.26905197 0.26905197 0.26905197 0.26905197 0.26905197 0.26905197 0.26905197 0.26905197
b45 12 3 5 0.46189606 0.46189606 0.26905197 0.26905197 0.26905197 0.26905197 0.26905197 0.26905197 0.26905197 0.26905197 0.26905197 0.26905197
b45 12 3 9 0.46189606 0.46189606 0.26905197 0.26905197 0.26905197 0.26905197 0.26905197 0.26905197 0.26905197 0.26905197 0.26905197 0.26905197
b45 12 4 6 0.46189606 0.46189606 0.26905197 0.26905197 0.26905197 0.26905197 0.26905197 0.26905197 0.26905197 0.26905197 0.26905197 0.26905197
b45 12 4 10 0.46189606 0.46189606 0.26905197 0.26905197 0.26905197 0.26905197 0.26905197 0.26905197 0.26905197 0.26905197 0.26905197 0.26905197
b45 12 1 10 0.33798668 0.33798668 0.33798668 0.33798668 0.33798668 0.33798668 0.33798668 0.32402664 0.32402664 0.32402664 0.32402664 0.32402664
b45 12 2 11 0.33798668 0.33798668 0.33798668 0.33798668 0.33798668 0.33798668 0.33798668 0.32402664 0.32402664 0.32402664 0.32402664 0.32402664
b45 12 3 12 0.33798668 0.33798668 0.33798668 0.33798668 0.33798668 0.33798668 0.33798668 0.32402664 0.32402664 0.32402664 0.32402664 0.32402664
b45 12 4 9 0.33798668 0.33798668 0.33798668 0.33798668 0.33798668 0.33798668 0.33798668 0.32402664 0.32402664 0.32402664 0.32402664 0.32402664
b45 12 5 10 0.33798668 0.33798668 0.33798668 0.33798668 0.33798668 0.33798668 0.33798668 0.32402664 0.32402664 0.32402664 0.32402664 0.32402664
b45 12 6 11 0.33798668 0.33798668 0.33798668 0.33798668 0.33798668 0.33798668 0.33798668 0.32402664 0.32402664 0.32402664 0.32402664 0.32402664
b45 12 7 12 0.33798668 0.33798668 0.33798668 0.33798668 0.33798668 0.33798668 0.33798668 0.32402664 0.32402664 0.32402664 0.32402664 0.32402664
b45 12 8 9 0.33798668 0.33798668 0.33798668 0.33798668 0.33798668 0.33798668 0.33798668 0.32402664 0.32402664 0.32402664 0.32402664 0.32402664
b45 12 1 12 0.34600824 0.32699588 0.32699588 0.32699588 0.32699588 0.32699588 0.32699588 0.32699588 0.32699588 0.32699588 0.32699588 0.32699588
b45 12 2 9 0.34600824 0.32699588 0.32699588 0.32699588 0.32699588 0.32699588 0.32699588 0.32699588 0.32699588 0.32699588 0.32699588 0.32699588
b45 12 3 10 0.34600824 0.32699588 0.32699588 0.32699588 0.32699588 0.32699588 0.32699588 0.32699588 0.32699588 0.32699588 0.32699588 0.32699588
b45 12 4 11 0.34600824 0.32699588 0.32699588 0.32699588 0.32699588 0.32699588 0.32699588 0.32699588 0.32699588 0.32699588 0.32699588 0.32699588
b45 12 5 12 0.34600824 0.32699588 0.32699588 0.32699588 0.32699588 0.32699588 0.32699588 0.32699588 0.32699588 0.32699588 0.32699588 0.32699588
b45 12 6 9 0.34600824 0.32699588 0.32699588 0.32699588 0.32699588 0.32699588 0.32699588 0.32699588 0.32699588 0.32699588 0.32699588 0.32699588
b45 12 7 10 0.34600824 0.32699588 0.32699588 0.32699588 0.32699588 0.32699588 0.32699588 0.32699588 0.32699588 0.32699588 0.32699588 0.32699588
b45 12 8 11 0.34600824 0.32699588 0.32699588 0.32699588 0.32699588 0.32699588 0.32699588 0.32699588 0.32699588 0.32699588 0.32699588 0.32699588
b45 12 5 11 0.35050876 0.35050876 0.35050876 0.35050876 0.35050876 0.35050876 0.29898248 0.29898248 0.29898248 0.29898248 0.29898248 0.29898248
b45 12 6 12 0.35050876 0.35050876 0.35050876 0.35050876 0.35050876 0.35050876 0.29898248 0.29898248 0.29898248 0.29898248 0.29898248 0.29898248
b45 12 7 9 0.35050876 0.35050876 0.35050876 0.35050876 0.35050876 0.35050876 0.29898248 0.29898248 0.29898248 0.29898248 0.29898248 0.29898248
b45 12 8 10 0.35050876 0.35050876 0.35050876 0.35050876 0.35050876 0.35050876 0.29898248 0.29898248 0.29898248 0.29898248 0.29898248 0.29898248
b45 12 1 8 0.4311214 0.41582106 0.41582106 0.2844393 0.2844393 0.2844393 0.2844393 0.2844393 0.2844393 0.2844393 0.2844393 0.2844393
b45 12 4 5 0.4311214 0.41582106 0.41582106 0.2844393 0.2844393 0.2844393 0.2844393 0.2844393 0.2844393 0.2844393 0.2844393 0.2844393
b45 12 1 6 0.43551676 0.43551676 0.43551676 0.28224162 0.28224162 0.28224162 0.28224162 0.28224162 0.28224162 0.28224162 0.28224162 0.28224162
b45 12 2 7 0.43551676 0.43551676 0.43551676 0.28224162 0.28224162 0.28224162 0.28224162 0.28224162 0.28224162 0.28224162 0.28224162 0.28224162
b45 12 3 8 0.43551676 0.43551676 0.43551676 0.28224162 0.28224162 0.28224162 0.28224162 0.28224162 0.28224162 0.28224162 0.28224162 0.28224162
b45 12 2 5 0.43524215 0.28237892 0.28237892 0.28237892 0.28237892 0.28237892 0.28237892 0.28237892 0.28237892 0.28237892 0.28237892 0.28237892
b45 12 3 6 0.43524215 0.28237892 0.28237892 0.28237892 0.28237892 0.28237892 0.28237892 0.28237892 0.28237892 0.28237892 0.28237892 0.28237892
b45 12 4 7 0.43524215 0.28237892 0.28237892 0.28237892 0.28237892 0.28237892 0.28237892 0.28237892 0.28237892 0.28237892 0.28237892 0.28237892
