2	3	4	4	1	3	15	13	9	13	1	0
2	3	1	4	4	1	15	13	9	8	9	0
2	3	4	1	4	3	15	13	9	1	8	0
2	1	4	3	3	1	15	13	12	4	4	1
2	3	4	1	4	1	15	13	9	1	0	0
3	2	1	4	4	3	13	11	9	8	0	0
2	1	3	4	3	4	15	13	12	8	13	8
2	3	4	1	4	1	15	13	9	1	12	5
2	4	3	1	3	1	15	13	5	1	13	9
1	4	3	2	4	2	11	8	0	2	0	0
1	2	3	4	4	3	11	10	12	8	0	0
1	4	3	2	4	2	11	8	4	0	0	0
1	4	2	3	4	1	11	8	6	0	0	0
1	4	3	2	4	3	11	8	0	2	0	0
2	3	4	1	1	3	15	13	9	1	13	4
2	3	4	4	1	1	15	13	9	13	1	1
2	4	3	3	4	1	15	13	5	5	9	1
1	3	4	2	4	2	11	12	8	0	0	0
2	3	1	4	3	4	15	13	9	8	13	9
2	3	4	1	1	3	15	13	9	1	5	0
2	1	1	4	3	3	15	13	13	12	4	0
2	4	1	3	3	1	15	13	5	4	12	0
2	3	4	1	4	1	15	13	9	1	9	1
2	3	4	4	1	3	15	13	9	9	1	5
2	3	4	1	3	4	15	13	9	1	0	8
2	1	4	3	4	3	15	13	12	4	8	0
3	1	4	2	4	1	13	9	8	2	0	0
2	4	3	4	1	3	15	13	5	9	1	5
2	4	1	3	4	1	15	13	5	4	0	0
2	3	1	4	1	3	15	13	9	8	9	12
2	3	4	1	3	1	15	13	9	1	0	0
1	4	2	3	4	3	11	8	2	0	0	0
2	1	3	4	3	1	15	13	12	8	0	1
2	1	4	4	3	1	15	13	12	13	4	5
2	3	4	1	3	4	15	13	9	1	5	0
2	4	1	4	3	1	15	13	5	13	4	0
2	3	1	4	3	4	15	13	9	8	12	9
2	1	3	4	3	1	15	13	12	8	0	0
2	1	4	3	3	4	15	13	12	4	5	9
1	4	2	3	4	2	11	8	0	4	0	0
2	3	1	4	3	1	15	13	9	8	12	9
2	3	4	1	3	4	15	13	9	1	5	8
2	4	3	1	1	4	15	13	5	1	9	0
2	4	4	3	1	1	15	13	13	5	1	1
2	4	1	3	3	4	15	13	5	4	13	9
2	4	3	1	1	4	15	13	5	1	13	0
2	4	3	1	4	3	15	13	5	1	9	0
2	4	1	3	3	1	15	13	5	4	4	9
2	4	1	1	3	3	15	13	5	5	4	12
2	4	3	3	1	1	15	13	5	13	1	9
2	1	3	3	1	4	15	13	12	12	9	8
2	4	1	3	4	3	15	13	5	4	8	5
1	4	3	2	4	3	11	8	6	0	0	0
2	1	3	4	3	1	15	13	12	8	5	1
2	1	1	4	3	3	15	13	13	12	4	4
2	1	3	1	4	3	15	13	12	13	8	12
2	1	3	3	1	4	15	13	12	13	9	8
2	3	4	3	1	1	15	13	9	13	1	9
2	1	4	3	1	3	15	13	12	4	1	12
2	1	3	4	4	1	15	13	12	8	8	5
2	3	4	1	4	2	15	13	8	1	0	0
2	4	3	1	4	3	15	8	4	0	0	0
2	3	4	3	1	1	15	13	9	13	1	0
2	3	1	4	4	3	15	13	9	8	0	0
2	1	4	3	4	1	15	13	8	4	0	0
2	3	3	1	4	1	15	13	13	9	8	0
2	4	1	3	3	4	15	13	5	4	0	0
2	4	1	3	2	1	15	13	5	4	0	0
2	3	1	4	4	1	15	13	9	8	0	1
2	1	3	3	4	1	15	13	12	12	8	0
2	1	4	3	2	1	15	13	12	4	0	0
2	4	3	1	4	3	15	13	5	1	0	4
2	4	3	1	1	3	15	13	5	1	1	4
2	3	4	1	1	4	15	13	9	1	0	0
2	1	3	4	1	3	15	13	12	8	1	0
2	1	4	3	4	3	15	13	12	4	13	0
2	1	3	4	4	3	15	13	12	8	8	5
2	4	1	3	1	4	15	13	5	4	9	8
3	4	1	2	4	1	13	8	1	0	0	0
2	4	1	3	3	4	15	13	5	4	12	0
2	4	3	1	1	3	15	13	5	1	9	4
1	2	3	4	4	1	11	14	12	8	0	0
2	3	1	1	4	3	15	13	9	9	8	0
2	3	1	4	4	3	15	13	9	8	12	4
2	3	1	4	1	4	15	13	9	8	1	8
2	1	4	3	3	1	15	13	12	4	12	9
2	3	4	1	1	4	15	13	9	1	1	0
2	1	3	3	4	4	15	13	12	13	8	8
2	1	4	1	3	3	15	13	12	13	4	0
2	3	1	3	4	1	15	13	9	12	8	0
3	4	2	1	4	1	13	8	0	0	0	0
2	3	4	1	1	4	15	13	9	1	9	12
2	1	4	3	4	3	15	13	12	4	12	4
2	1	3	4	4	1	15	13	12	8	9	0
3	2	4	1	4	3	13	11	8	1	0	0
2	1	4	3	4	3	15	13	12	4	12	5
2	3	4	3	1	1	15	13	9	5	1	0
2	4	1	3	1	3	15	13	5	4	9	12
3	2	1	4	4	3	13	10	9	8	0	0
2	4	1	3	3	4	15	13	5	4	5	8
2	3	4	1	3	4	15	13	9	1	12	0
2	3	3	4	1	4	15	13	13	9	1	8
2	4	3	1	3	4	15	12	4	0	0	0
2	3	1	4	3	1	15	13	9	8	4	0
2	1	3	1	4	3	15	13	12	13	8	0
2	3	4	1	4	3	15	13	9	1	0	5
2	4	3	1	4	2	15	8	0	1	0	0
2	4	1	3	4	1	15	13	5	4	9	0
2	4	3	1	1	4	15	13	5	1	5	12
2	1	4	1	3	3	15	13	12	13	4	4
1	4	2	3	4	1	11	8	0	0	0	0
2	4	1	3	3	4	15	13	5	4	4	0
2	4	1	3	4	3	15	8	1	0	0	0
2	4	3	1	4	3	15	8	0	0	0	0
2	1	4	3	1	3	15	13	12	4	9	12
2	1	1	3	4	4	15	13	13	12	8	0
2	1	4	3	4	3	15	9	8	4	0	0
2	4	1	3	4	1	15	8	5	0	0	0
2	3	4	1	1	4	15	13	9	1	1	12
2	1	4	1	3	3	15	13	12	5	4	12
2	3	1	4	4	3	15	13	9	8	13	4
2	3	1	4	3	4	15	13	9	8	0	0
2	4	3	4	3	1	15	13	5	9	5	1
2	3	4	1	1	3	15	13	9	1	1	4
2	4	3	1	1	3	15	13	5	1	1	0
2	4	1	4	1	3	15	13	5	13	5	4
1	4	2	3	4	3	11	8	0	4	0	0
3	4	2	1	4	3	13	8	3	1	0	0
2	3	1	4	4	3	15	13	9	8	8	0
2	4	3	1	3	1	15	13	5	1	0	9
2	4	1	3	4	1	15	8	5	4	0	0
2	4	1	3	1	4	15	13	5	4	1	0
2	4	3	1	3	4	15	13	5	1	0	8
2	3	1	4	4	3	15	13	9	8	9	4
2	3	3	1	4	4	15	13	13	9	8	8
2	3	1	4	3	1	15	13	9	8	5	0
1	4	2	3	4	3	11	8	6	4	0	0
2	1	3	4	1	3	15	13	12	8	1	4
2	3	1	4	4	1	15	13	9	8	13	0
3	4	1	2	4	3	13	8	1	2	0	0
2	1	4	3	4	3	15	13	12	4	13	4
2	4	1	1	4	3	15	13	5	5	12	4
2	3	4	1	1	2	15	13	9	1	0	0
2	3	1	4	1	3	15	13	9	8	5	12
3	4	2	1	4	1	13	8	0	1	0	0
2	4	1	4	3	1	15	13	5	12	4	5
2	3	1	4	1	3	15	13	9	8	0	12
2	1	3	4	1	4	15	13	12	8	0	8
2	3	4	1	3	1	15	13	9	1	5	9
2	3	1	4	2	4	15	13	9	8	0	0
2	4	1	3	4	2	15	8	5	0	0	0
2	3	4	1	4	2	15	13	8	0	0	0
3	4	2	1	4	1	13	8	3	1	0	0
2	1	4	3	4	1	15	13	12	4	13	0
2	3	1	3	4	4	15	13	9	13	8	9
1	3	4	2	4	3	11	12	8	2	0	0
2	1	3	4	3	1	15	13	12	8	13	9
2	3	1	4	1	4	15	13	9	8	1	0
1	3	2	4	4	1	11	12	10	8	0	0
2	4	1	3	3	4	15	13	5	4	0	9
2	3	4	1	3	1	15	13	9	1	5	0
2	1	3	3	4	4	15	13	12	12	8	0
2	1	4	3	3	1	15	13	12	4	5	1
2	1	3	4	3	4	15	13	12	8	4	8
2	4	1	3	1	3	15	13	5	4	1	4
2	1	3	3	4	1	15	13	12	12	8	1
2	1	3	3	4	4	15	13	12	12	8	8
2	1	4	3	4	3	15	13	12	4	8	5
2	4	1	1	3	3	15	13	5	5	4	0
1	2	4	3	4	1	11	14	8	4	0	0
2	3	3	4	1	4	15	13	13	9	1	0
2	4	1	1	3	4	15	13	5	13	4	12
2	1	4	3	4	3	15	13	8	4	0	0
2	3	1	4	4	3	15	13	9	8	0	4
2	3	4	1	3	1	15	13	9	1	4	9
2	3	4	1	4	1	15	13	9	1	8	0
2	4	1	3	1	4	15	13	5	4	0	12
2	1	1	4	3	4	15	13	13	12	4	0
2	3	4	1	3	1	15	13	9	1	5	1
2	1	4	3	3	4	15	13	12	4	4	9
2	3	4	1	1	4	15	13	9	1	13	8
3	2	1	4	4	2	13	10	9	8	0	0
2	3	4	1	3	1	15	13	9	1	12	9
2	1	3	3	4	4	15	13	12	13	8	0
2	4	3	1	4	2	15	8	5	0	0	0
2	1	3	4	1	3	15	13	12	8	5	0
2	4	3	1	3	1	15	13	5	1	13	1
1	4	2	3	4	1	11	8	6	4	0	0
2	4	1	3	4	3	15	8	5	0	0	0
2	4	3	1	3	4	15	13	5	1	5	9
1	2	4	3	4	3	11	14	8	0	0	0
3	4	1	2	4	3	13	8	0	0	0	0
2	4	1	3	4	2	15	8	0	4	0	0
2	1	3	4	4	3	15	13	12	8	0	5
2	3	4	1	4	3	15	12	8	1	0	0
2	1	3	4	3	4	15	13	12	8	13	0
2	4	3	1	4	1	15	13	5	1	9	1
2	3	4	4	1	1	15	13	9	13	1	5
2	1	4	3	4	1	15	13	12	4	8	1
2	3	1	4	3	4	15	13	9	8	0	8
3	2	4	1	4	3	13	11	8	0	0	0
1	3	4	2	4	1	11	14	8	2	0	0
2	4	3	1	4	1	15	13	5	1	12	5
2	4	3	1	4	1	15	13	5	1	8	0
2	3	4	1	2	1	15	13	9	1	0	0
2	4	3	1	4	1	15	8	0	0	0	0
3	4	1	2	4	3	13	8	3	0	0	0
2	1	3	4	3	4	15	13	12	8	0	0
2	3	1	4	3	1	15	13	9	8	5	9
3	4	2	1	4	2	13	8	3	1	0	0
2	4	1	1	3	3	15	13	5	5	4	4
2	4	1	1	3	4	15	13	5	13	4	0
2	4	3	4	1	1	15	13	5	13	1	1
2	3	4	1	2	4	15	13	9	1	0	0
2	4	1	3	3	4	15	13	5	4	4	9
2	4	1	3	1	3	15	13	5	4	9	4
2	4	1	4	3	3	15	13	5	13	4	5
2	4	3	1	4	3	15	13	5	1	8	0
2	3	4	3	1	4	15	13	9	13	1	8
2	3	4	1	3	4	15	13	9	1	12	9
3	2	1	4	4	1	13	10	9	8	0	0
2	3	1	4	1	4	15	13	9	8	9	8
2	4	1	1	3	3	15	13	5	13	4	4
2	1	1	4	4	3	15	13	13	12	12	4
2	4	3	1	4	3	15	13	5	1	12	5
2	1	4	4	3	1	15	13	12	13	4	1
2	4	3	3	1	4	15	13	5	13	1	0
2	3	1	4	3	1	15	13	9	8	13	1
2	1	3	4	4	3	15	9	12	8	0	0
2	3	1	4	4	1	15	13	9	8	8	0
2	4	1	3	4	3	15	12	5	4	0	0
2	3	1	4	1	4	15	13	9	8	9	0
2	1	3	4	4	1	15	13	12	8	13	1
2	1	3	4	1	3	15	13	12	8	13	4
2	3	1	4	1	3	15	13	9	8	13	0
2	3	1	1	4	4	15	13	9	13	8	0
2	1	4	1	3	3	15	13	12	13	4	12
2	3	4	1	1	4	15	13	9	1	9	8
3	4	1	2	4	1	13	8	3	2	0	0
2	3	4	1	1	4	15	13	9	1	13	0
2	1	3	4	4	1	15	13	12	8	8	0
2	1	3	4	3	4	15	13	12	8	12	0
3	2	4	1	4	1	13	10	8	0	0	0
2	4	1	4	3	1	15	13	5	12	4	1
1	4	3	2	4	2	11	8	0	0	0	0
2	4	3	1	1	2	15	13	5	1	0	0
1	2	4	3	4	2	11	10	8	4	0	0
2	4	4	1	3	1	15	13	13	5	4	0
2	4	1	3	4	3	15	8	1	4	0	0
1	4	2	3	4	3	11	8	2	4	0	0
2	4	1	4	3	1	15	13	5	13	4	5
3	1	4	2	4	3	13	11	8	0	0	0
2	1	1	3	3	4	15	13	13	12	12	8
2	4	3	1	4	3	15	13	5	1	13	5
2	3	1	4	4	3	15	12	9	8	0	0
2	1	4	3	3	4	15	13	12	4	5	0
2	4	3	1	4	3	15	13	5	1	9	5
2	4	1	3	4	1	15	8	0	4	0	0
2	4	1	3	1	3	15	13	5	4	13	12
2	4	3	1	4	3	15	13	5	1	0	0
1	3	4	2	4	1	11	14	8	0	0	0
1	4	2	3	4	2	11	8	2	0	0	0
2	3	3	4	1	4	15	13	13	9	1	9
2	1	3	4	4	1	15	13	12	8	12	0
2	1	4	1	3	4	15	13	12	13	4	12
3	4	1	2	4	2	13	8	0	2	0	0
1	3	2	4	4	2	11	12	10	8	0	0
2	3	3	4	1	1	15	13	13	9	1	1
2	4	1	4	3	1	15	13	5	13	4	1
2	3	4	1	3	4	15	13	9	1	13	0
2	4	3	1	3	4	15	13	5	1	13	8
1	2	3	4	4	1	11	10	12	8	0	0
2	1	4	4	3	1	15	13	12	12	4	1
3	4	1	2	4	2	13	8	1	0	0	0
2	4	1	3	4	1	15	13	5	4	0	1
2	3	1	4	2	1	15	13	9	8	0	0
2	4	3	1	1	4	15	13	5	1	1	0
2	1	4	3	1	4	15	13	12	4	1	12
2	3	1	4	3	1	15	13	9	8	0	0
2	1	4	3	4	1	15	13	12	4	8	5
2	4	4	3	1	1	15	13	13	5	1	0
2	4	3	3	1	4	15	13	5	13	1	9
2	3	1	4	1	4	15	13	9	8	5	12
2	3	1	4	4	3	15	13	9	8	12	0
2	1	4	3	1	3	15	13	12	4	1	4
2	4	1	3	3	4	15	13	5	4	13	8
2	4	3	1	1	4	15	13	5	1	9	12
3	1	4	2	4	3	13	9	8	0	0	0
2	1	3	3	4	4	15	13	12	12	8	9
2	4	1	3	3	1	15	13	5	4	0	9
2	4	3	1	3	4	15	13	5	1	5	0
2	1	3	4	1	3	15	13	12	8	0	0
2	3	4	1	4	1	15	12	8	1	0	0
2	1	3	4	4	1	15	13	12	8	0	1
2	3	1	4	3	4	15	13	9	8	13	8
2	1	4	4	3	1	15	13	12	12	4	5
2	1	3	3	4	1	15	13	12	13	8	1
2	4	1	3	4	3	15	13	5	4	9	0
2	4	3	1	3	1	15	13	5	1	5	9
2	4	1	3	4	3	15	8	0	4	0	0
2	4	4	1	3	3	15	13	13	5	4	5
2	3	4	1	4	3	15	13	8	0	0	0
2	3	1	4	1	4	15	13	9	8	9	12
2	3	1	3	4	4	15	13	9	12	8	9
2	3	1	3	4	4	15	13	9	13	8	8
2	4	1	3	1	4	15	13	5	4	13	12
2	4	1	3	4	3	15	13	5	4	12	0
1	3	4	2	4	2	11	14	8	2	0	0
2	3	1	4	3	4	15	13	9	8	12	0
2	1	4	3	4	3	15	13	12	4	9	5
2	4	3	1	3	1	15	13	5	1	13	0
2	4	1	3	4	2	15	8	5	4	0	0
2	4	1	1	3	4	15	13	5	5	4	0
2	4	3	1	4	3	15	12	4	0	0	0
2	3	4	1	4	3	15	13	9	1	9	5
2	1	4	1	3	4	15	13	12	13	4	8
2	3	4	1	1	3	15	13	9	1	9	4
2	3	1	4	4	2	15	12	9	8	0	0
2	1	3	4	3	1	15	13	12	8	4	1
2	3	4	1	1	3	15	13	9	1	5	4
2	1	3	4	1	4	15	13	12	8	1	8
2	3	1	4	3	4	15	13	9	8	13	0
2	3	4	1	3	4	15	13	9	1	13	8
2	3	4	4	1	3	15	13	9	13	1	5
2	1	4	1	3	3	15	13	12	5	4	4
2	3	1	4	4	1	15	13	9	8	9	5
2	4	3	1	4	1	15	13	5	1	9	0
2	1	3	4	4	1	15	13	12	8	0	5
2	1	4	3	3	4	15	13	12	4	12	0
2	3	4	1	4	2	15	13	9	1	0	0
2	4	1	3	1	4	15	13	5	4	1	8
1	2	4	3	4	2	11	14	8	0	0	0
2	1	3	1	4	4	15	13	12	13	8	8
2	3	1	4	4	2	15	13	9	8	0	0
2	3	4	1	3	4	15	13	9	1	0	9
2	1	4	3	3	1	15	13	12	4	4	9
2	1	4	3	3	1	15	13	12	4	5	0
2	4	1	3	4	1	15	13	5	4	12	0
2	4	3	1	4	3	15	8	4	1	0	0
1	2	4	3	4	1	11	10	8	4	0	0
3	4	1	2	4	2	13	8	1	2	0	0
2	4	1	3	4	1	15	13	5	4	8	1
2	4	3	4	1	3	15	13	5	9	1	0
2	1	4	3	3	1	15	13	12	4	13	0
2	1	4	3	4	1	15	9	8	4	0	0
2	4	3	1	1	4	15	13	5	1	0	8
2	1	3	1	4	3	15	13	12	9	8	4
2	4	1	3	2	4	15	13	5	4	0	0
2	3	3	4	1	1	15	13	13	9	1	9
2	4	3	1	4	1	15	13	5	1	13	5
2	4	1	3	3	1	15	13	5	4	12	9
2	3	1	4	3	1	15	13	9	8	4	1
1	2	3	4	4	2	11	14	12	8	0	0
2	3	1	4	3	4	15	13	9	8	4	8
2	1	3	4	3	4	15	13	12	8	12	9
2	3	4	1	4	1	15	13	8	0	0	0
2	3	4	1	4	3	15	13	9	1	8	4
2	4	1	3	3	1	15	13	5	4	5	0
2	4	1	3	1	4	15	13	5	4	9	0
2	1	4	3	3	1	15	13	12	4	0	1
2	4	3	1	4	3	15	12	4	1	0	0
2	3	4	1	4	1	15	13	9	1	8	1
2	1	3	4	3	4	15	13	12	8	5	0
2	1	4	3	4	1	15	13	12	4	9	1
2	1	4	3	1	4	15	13	12	4	13	8
2	3	1	4	3	1	15	13	9	8	0	1
2	4	1	4	3	3	15	13	5	12	4	4
2	4	3	1	4	3	15	13	5	1	0	5
2	4	1	3	3	4	15	13	5	4	5	0
2	3	1	1	4	4	15	13	9	9	8	12
2	1	4	3	4	3	15	13	12	4	9	4
2	3	4	1	3	1	15	13	9	1	12	1
1	4	3	2	4	1	11	8	4	2	0	0
2	4	1	3	4	3	15	13	5	4	8	0
2	3	1	4	4	1	15	13	9	8	12	5
2	4	1	3	3	4	15	13	5	4	13	0
2	4	1	3	1	4	15	13	5	4	0	8
2	4	3	1	1	4	15	13	5	1	9	8
1	4	3	2	4	3	11	8	4	2	0	0
2	3	4	1	4	3	15	13	9	1	12	5
2	1	3	4	4	2	15	13	12	8	0	0
1	3	2	4	4	3	11	12	10	8	0	0
2	3	1	4	4	3	15	13	9	8	9	0
2	1	4	3	4	2	15	9	8	4	0	0
2	1	4	3	4	1	15	13	12	4	12	1
2	1	4	3	3	4	15	13	12	4	4	8
2	1	4	3	1	4	15	13	12	4	5	0
2	3	4	1	3	1	15	13	9	1	13	9
2	3	4	4	1	3	15	13	9	9	1	4
2	1	3	4	4	3	15	13	12	8	8	4
2	1	3	4	3	4	15	13	12	8	13	9
2	4	1	4	3	3	15	13	5	12	4	5
2	1	4	3	1	3	15	13	12	4	13	12
2	3	4	3	1	4	15	13	9	5	1	8
3	4	1	2	4	2	13	8	0	0	0	0
2	3	1	4	3	1	15	13	9	8	12	1
2	3	3	1	4	4	15	13	13	9	8	0
2	4	3	1	4	1	15	8	5	0	0	0
2	3	1	4	4	1	15	13	9	8	9	1
3	4	1	2	4	2	13	8	3	0	0	0
3	1	4	2	4	2	13	9	8	0	0	0
2	4	1	3	1	4	15	13	5	4	9	12
3	2	4	1	4	1	13	11	8	1	0	0
2	1	3	4	1	4	15	13	12	8	13	8
2	4	1	3	3	2	15	13	5	4	0	0
2	3	1	4	3	4	15	13	9	8	5	8
2	1	3	4	1	4	15	13	12	8	1	0
2	1	4	4	3	3	15	13	12	12	4	4
2	3	1	4	4	3	15	13	9	8	8	4
2	4	3	3	1	4	15	13	5	13	1	8
2	4	1	3	4	2	15	8	1	4	0	0
3	1	4	2	4	3	13	11	8	2	0	0
2	1	3	4	1	4	15	13	12	8	13	12
2	4	4	1	3	3	15	13	13	5	4	4
2	3	4	1	4	3	15	13	9	1	13	5
2	3	4	1	3	1	15	13	9	1	4	0
2	1	3	4	1	2	15	13	12	8	0	0
2	1	4	3	1	3	15	13	12	4	9	4
2	1	4	1	3	3	15	13	12	5	4	0
2	3	4	1	3	1	15	13	9	1	0	1
2	3	1	4	3	2	15	13	9	8	0	0
2	3	4	1	4	3	15	12	8	0	0	0
2	3	4	1	1	4	15	13	9	1	0	12
2	3	4	1	4	3	15	13	9	1	12	4
2	1	3	4	4	3	15	13	12	8	9	5
2	1	3	4	3	4	15	13	12	8	12	8
2	3	1	4	1	4	15	13	9	8	0	12
2	4	3	1	4	1	15	8	4	0	0	0
2	4	4	1	3	1	15	13	13	5	4	1
3	2	4	1	4	1	13	11	8	0	0	0
2	4	1	3	4	3	15	13	5	4	13	4
2	4	1	3	3	4	15	13	5	4	0	8
3	4	2	1	4	1	13	8	3	0	0	0
2	3	1	1	3	4	15	13	9	13	12	8
2	1	4	1	3	4	15	13	12	13	4	0
2	4	3	1	3	4	15	13	5	1	4	0
1	4	2	3	4	2	11	8	0	0	0	0
2	3	4	1	3	2	15	13	9	1	0	0
2	4	1	3	3	1	15	13	5	4	5	1
2	1	3	1	4	3	15	13	12	9	8	12
2	3	4	1	1	4	15	13	9	1	5	12
2	4	3	1	4	2	15	8	0	0	0	0
2	3	1	1	4	4	15	13	9	13	8	8
3	2	4	1	4	2	13	11	8	1	0	0
1	3	4	2	4	1	11	12	8	2	0	0
2	1	4	3	3	1	15	13	12	4	5	9
2	1	3	4	4	3	15	13	12	8	0	0
2	1	4	3	1	3	15	13	12	4	1	0
2	1	4	3	1	4	15	13	12	4	5	8
1	2	3	4	4	2	11	10	12	8	0	0
3	2	4	1	4	3	13	10	8	1	0	0
2	4	1	3	1	4	15	13	5	4	13	8
2	1	4	3	3	1	15	13	12	4	12	0
2	4	3	1	1	3	15	13	5	1	0	12
2	4	1	3	4	1	15	8	1	0	0	0
2	4	4	3	3	1	15	13	13	5	5	1
2	3	4	1	4	1	15	13	9	1	8	5
2	4	1	3	4	3	15	13	5	4	13	0
2	1	4	3	4	1	15	13	12	4	0	5
2	3	1	4	3	1	15	13	9	8	4	9
2	3	1	4	1	3	15	13	9	8	1	12
2	4	3	1	3	4	15	13	5	1	13	9
1	4	2	3	4	3	11	8	6	0	0	0
2	3	4	1	3	4	15	12	8	0	0	0
1	3	4	2	4	2	11	14	8	0	0	0
2	3	1	4	3	1	15	13	9	8	12	0
2	1	3	4	1	3	15	13	12	8	13	12
2	3	1	3	4	1	15	13	9	13	8	9
2	4	1	3	1	3	15	13	5	4	5	4
2	4	3	4	1	3	15	13	5	13	1	0
2	3	4	3	1	4	15	13	9	5	1	9
1	4	2	3	4	1	11	8	0	4	0	0
1	3	2	4	4	1	11	14	10	8	0	0
1	2	4	3	4	1	11	10	8	0	0	0
2	4	1	3	3	4	15	12	5	4	4	0
2	4	1	1	3	4	15	13	5	13	4	8
2	1	4	3	3	4	15	13	12	4	13	0
2	4	3	1	4	1	15	8	4	1	0	0
2	1	3	4	3	4	15	13	12	8	5	9
2	4	4	3	1	1	15	13	13	5	1	5
2	4	1	3	1	4	15	13	5	4	5	12
3	2	4	1	4	2	13	10	8	0	0	0
2	4	3	1	4	1	15	13	5	1	0	1
1	4	2	3	4	2	11	8	2	4	0	0
3	1	4	2	4	3	13	9	8	2	0	0
2	3	4	1	3	1	15	13	9	1	0	9
2	1	3	3	4	4	15	13	12	13	8	9
2	4	3	3	1	4	15	13	5	5	1	9
2	1	4	3	3	1	15	13	12	4	0	0
2	1	4	1	4	3	15	13	12	13	12	4
2	4	3	1	4	3	15	13	5	1	13	0
1	2	3	4	4	3	11	14	12	8	0	0
2	4	3	1	4	2	15	13	5	1	0	0
2	1	3	3	4	1	15	13	12	12	8	9
2	4	1	3	1	4	15	13	5	4	13	0
2	1	4	4	3	1	15	13	12	12	4	0
1	2	4	3	4	2	11	10	8	0	0	0
2	1	3	4	3	4	15	13	12	8	0	8
3	1	4	2	4	2	13	11	8	0	0	0
2	4	3	1	4	3	15	8	5	1	0	0
2	3	1	4	4	1	15	13	9	8	8	5
2	3	4	1	4	1	15	13	9	1	9	0
3	4	2	1	4	2	13	8	0	0	0	0
2	1	4	3	1	4	15	13	12	4	0	12
2	4	3	1	1	3	15	13	5	1	5	12
3	4	2	1	4	2	13	8	3	0	0	0
2	3	1	4	4	1	15	13	9	8	12	1
1	4	3	2	4	1	11	8	0	2	0	0
2	4	3	1	3	4	15	13	5	1	12	9
2	1	1	3	4	4	15	13	13	12	8	8
2	3	1	4	1	3	15	13	9	8	13	12
2	1	3	4	4	3	15	13	12	8	12	4
2	3	4	1	3	4	15	13	9	1	0	0
2	1	4	4	3	3	15	13	12	12	4	0
2	4	3	3	1	4	15	13	5	5	1	8
3	4	2	1	4	2	13	8	2	1	0	0
2	3	4	1	4	1	15	13	9	1	0	1
2	1	4	3	1	3	15	13	12	4	5	4
2	3	4	1	1	4	15	13	9	1	5	0
2	1	3	4	1	3	15	13	12	8	13	0
2	1	3	1	4	4	15	13	12	9	8	8
2	3	3	1	1	4	15	13	13	9	9	8
2	1	4	4	3	3	15	13	12	13	4	4
3	1	4	2	4	1	13	11	8	0	0	0
2	4	3	4	1	1	15	13	5	9	1	0
2	1	4	3	4	1	15	13	12	4	13	1
2	3	1	4	4	3	15	12	9	8	8	0
2	4	1	4	3	3	15	13	5	13	4	0
2	1	3	1	4	3	15	13	12	9	8	0
2	4	1	3	4	2	15	13	5	4	0	0
2	1	3	4	4	3	15	13	12	8	12	5
2	1	1	4	3	4	15	13	13	12	4	8
2	3	4	1	1	4	15	13	9	1	9	0
2	3	4	3	4	1	15	13	9	5	9	1
2	3	1	4	1	3	15	13	9	8	1	4
2	3	1	4	4	1	15	13	9	8	13	5
2	4	3	4	1	1	15	13	5	9	1	1
2	4	1	3	3	1	15	13	5	4	13	1
2	4	3	1	1	3	15	13	5	1	9	12
2	1	3	4	4	1	15	9	12	8	0	0
2	1	4	3	3	4	15	13	12	4	12	9
2	3	3	1	4	4	15	13	13	9	8	9
3	4	2	1	4	3	13	8	3	0	0	0
2	1	4	3	4	1	15	13	12	4	8	0
1	4	2	3	4	1	11	8	2	0	0	0
2	4	3	1	3	1	15	13	5	1	0	1
2	3	1	4	1	3	15	13	9	8	5	4
2	3	1	1	4	4	15	13	9	9	8	8
2	1	4	3	1	4	15	13	12	4	1	8
2	1	4	3	1	4	15	13	12	4	5	12
2	1	1	3	4	3	15	13	13	12	8	12
2	1	3	1	4	4	15	13	12	9	8	0
3	4	1	2	4	3	13	8	1	0	0	0
2	4	1	3	4	1	15	13	5	4	0	5
1	3	2	4	4	3	11	14	10	8	0	0
2	4	3	1	3	4	15	13	5	1	12	0
2	4	3	1	4	3	15	13	5	1	8	5
3	1	4	2	4	2	13	11	8	2	0	0
2	1	4	3	1	4	15	13	12	4	9	12
2	4	3	1	1	4	15	13	5	1	13	12
2	1	3	4	3	2	15	13	12	8	0	0
2	1	3	4	1	3	15	13	12	8	9	4
1	2	4	3	4	3	11	10	8	4	0	0
2	1	3	4	1	3	15	13	12	8	5	12
2	4	3	4	3	1	15	13	5	13	5	1
2	4	1	3	4	1	15	13	5	4	9	5
3	1	4	2	4	1	13	11	8	2	0	0
2	3	1	4	4	3	15	13	9	8	12	5
2	3	4	1	3	1	15	13	9	1	13	1
2	3	1	4	4	1	15	12	9	8	8	0
2	1	3	4	4	3	15	13	12	8	13	5
2	1	4	3	4	3	15	13	12	4	9	0
2	3	3	4	4	1	15	13	13	9	9	1
2	1	3	4	3	1	15	13	12	8	12	0
1	3	4	2	4	2	11	12	8	2	0	0
2	3	4	1	3	1	15	13	9	1	13	0
2	3	4	1	4	3	15	13	9	1	13	4
2	4	1	3	3	1	15	13	5	4	4	0
2	1	4	3	4	1	15	13	12	4	0	1
3	4	1	2	4	3	13	8	3	2	0	0
2	1	1	3	4	4	15	13	13	12	8	12
2	1	1	3	4	3	15	13	13	12	8	0
2	1	3	4	4	3	15	13	12	8	0	4
2	1	3	1	4	4	15	13	12	13	8	12
2	4	1	3	1	4	15	13	5	4	5	0
2	4	1	3	4	1	15	13	5	4	13	0
2	3	1	1	4	3	15	13	9	13	8	4
2	1	4	3	1	3	15	13	12	4	0	12
2	1	4	3	3	1	15	13	12	4	12	1
2	1	4	4	3	3	15	13	12	13	4	0
2	4	1	3	3	4	15	13	5	4	5	9
2	3	4	1	3	1	15	13	9	1	4	1
2	3	1	4	4	3	15	13	9	8	13	0
2	1	4	3	3	4	15	13	12	4	5	8
2	1	3	4	3	1	15	13	12	8	5	0
2	3	4	1	4	1	15	13	9	1	13	0
2	3	4	1	1	4	15	13	9	1	0	8
2	3	4	1	4	1	15	13	9	1	0	5
2	3	4	4	1	1	15	13	9	13	1	0
2	1	4	3	4	3	15	13	12	4	0	0
2	1	3	1	4	4	15	13	12	13	8	0
2	4	1	1	3	4	15	13	5	5	4	12
3	4	1	2	4	1	13	8	1	2	0	0
3	1	2	4	4	2	13	11	10	8	0	0
2	1	3	4	4	1	15	13	12	8	9	5
2	4	4	3	1	3	15	13	13	5	1	4
2	1	3	4	1	4	15	13	12	8	5	0
2	4	1	1	3	3	15	13	5	13	4	12
2	3	3	1	4	1	15	13	13	9	8	1
3	1	2	4	4	1	13	9	10	8	0	0
2	4	1	3	3	1	15	13	5	4	13	9
2	1	3	4	4	1	15	13	12	8	0	0
2	4	1	3	4	1	15	13	5	4	12	5
2	1	4	3	1	3	15	13	12	4	5	0
2	1	4	3	1	4	15	13	12	4	9	0
2	4	1	3	4	3	15	13	5	4	9	5
2	3	4	1	4	1	15	13	8	1	0	0
2	4	3	1	4	3	15	13	5	1	13	4
2	4	1	1	3	4	15	13	5	5	4	8
2	3	1	4	3	1	15	13	9	8	0	9
2	4	1	3	1	3	15	13	5	4	9	0
2	4	1	3	4	3	15	13	5	4	8	4
2	3	4	1	1	4	15	13	9	1	1	8
2	3	4	1	3	4	15	13	9	1	13	9
2	1	4	3	3	4	15	13	12	4	0	0
2	3	4	3	1	4	15	13	9	13	1	0
2	3	3	4	1	1	15	13	13	9	1	0
2	4	3	1	4	1	15	13	5	1	13	1
2	1	3	4	3	1	15	13	12	8	12	1
2	4	3	1	4	3	15	13	5	1	8	4
2	3	4	1	1	3	15	13	9	1	1	0
2	3	1	4	4	1	15	13	9	8	8	1
2	1	4	3	1	4	15	13	12	4	1	0
1	4	3	2	4	2	11	8	6	2	0	0
2	3	4	1	4	2	15	12	8	0	0	0
2	1	4	1	4	3	15	13	12	5	12	4
1	4	2	3	4	2	11	8	6	4	0	0
2	3	1	4	1	4	15	13	9	8	1	12
2	1	4	3	4	3	15	13	8	0	0	0
2	4	3	1	1	3	15	13	5	1	9	0
2	3	1	4	4	1	15	13	9	8	0	0
2	4	3	1	3	2	15	13	5	1	0	0
2	4	1	1	4	3	15	13	5	13	12	4
2	1	4	4	3	1	15	13	12	13	4	0
2	3	1	1	4	4	15	13	9	9	8	0
1	4	3	2	4	1	11	8	6	0	0	0
1	4	3	2	4	2	11	8	6	0	0	0
2	3	1	4	1	3	15	13	9	8	13	4
2	3	1	4	3	4	15	13	9	8	12	8
2	1	4	3	1	2	15	13	12	4	0	0
2	1	3	4	3	4	15	13	12	8	5	8
2	3	1	4	3	4	15	13	9	8	5	9
1	2	4	3	4	3	11	10	8	0	0	0
2	1	4	3	4	2	15	13	12	4	0	0
3	4	1	2	4	1	13	8	3	0	0	0
3	2	1	4	4	1	13	11	9	8	0	0
2	3	1	1	4	3	15	13	9	9	8	4
2	3	1	3	4	1	15	13	9	13	8	1
2	3	4	4	1	1	15	13	9	9	1	0
1	3	4	2	4	3	11	12	8	0	0	0
2	3	1	1	4	3	15	13	9	13	8	12
2	3	1	4	1	4	15	13	9	8	5	0
2	1	3	4	4	3	15	13	12	8	9	4
2	4	1	3	4	3	15	8	5	4	0	0
2	1	3	4	4	3	15	13	12	8	13	4
2	4	3	1	4	3	15	13	5	1	12	0
2	3	1	3	4	4	15	13	9	13	8	0
2	3	1	1	4	4	15	13	9	13	8	12
2	4	1	3	3	1	15	13	5	4	0	1
2	3	1	4	3	1	15	13	9	8	5	1
2	4	1	3	4	1	15	13	5	4	9	1
2	1	3	4	4	2	15	9	12	8	0	0
2	1	3	4	1	3	15	13	12	8	9	12
2	1	4	3	1	4	15	13	12	4	13	12
2	3	4	4	1	1	15	13	9	9	1	1
2	3	1	4	4	3	15	13	9	8	13	5
2	3	3	1	4	1	15	13	13	9	8	9
2	1	3	4	3	1	15	13	12	8	13	0
2	1	3	4	4	1	15	13	12	8	12	5
2	4	4	3	1	3	15	13	13	5	1	0
2	1	3	4	1	4	15	13	12	8	5	12
2	3	4	4	3	1	15	13	9	13	5	1
2	4	3	1	4	1	15	13	5	1	13	0
2	3	1	4	4	1	15	13	9	8	13	1
3	4	2	1	4	1	13	8	2	0	0	0
2	1	4	3	1	4	15	13	12	4	0	0
2	1	3	4	3	1	15	13	12	8	4	0
2	4	1	3	1	3	15	13	5	4	5	12
2	4	3	1	3	4	15	13	5	1	12	8
2	1	3	4	4	3	15	13	12	8	12	0
2	4	4	1	3	3	15	13	13	5	4	0
2	1	4	3	4	3	15	13	12	4	12	0
2	4	3	3	1	1	15	13	5	5	1	0
3	4	2	1	4	3	13	8	2	1	0	0
2	3	4	3	1	4	15	13	9	13	1	9
3	1	4	2	4	2	13	9	8	2	0	0
2	4	1	3	3	1	15	13	5	4	4	1
2	1	4	3	4	3	15	13	12	4	0	4
2	1	3	4	1	4	15	13	12	8	5	8
2	3	1	4	4	3	15	13	9	8	8	5
2	4	1	3	1	2	15	13	5	4	0	0
2	3	4	1	4	1	15	13	9	1	13	1
3	2	4	1	4	3	13	10	8	0	0	0
2	3	4	4	1	3	15	13	9	9	1	0
3	1	2	4	4	3	13	11	10	8	0	0
2	1	3	4	1	3	15	13	12	8	0	12
2	4	3	1	4	1	15	13	5	1	8	5
2	1	4	3	4	3	15	13	12	4	8	4
1	4	3	2	4	1	11	8	0	0	0	0
2	1	3	4	1	4	15	13	12	8	9	12
2	1	3	4	1	4	15	13	12	8	0	12
3	4	2	1	4	3	13	8	2	0	0	0
2	1	4	3	1	4	15	13	12	4	13	0
2	3	4	1	3	1	15	13	9	1	12	0
2	1	4	3	2	4	15	13	12	4	0	0
2	4	3	1	1	3	15	13	5	1	1	12
2	4	3	1	4	2	15	8	4	0	0	0
2	4	3	1	3	4	15	13	5	1	13	0
2	1	4	3	4	1	15	13	12	4	0	0
2	4	1	3	4	1	15	13	5	4	8	5
1	2	4	3	4	2	11	14	8	4	0	0
2	1	3	4	1	3	15	13	12	8	1	12
2	3	4	1	4	1	15	12	8	0	0	0
2	3	1	4	1	4	15	13	9	8	13	0
2	3	1	4	3	4	15	13	9	8	5	0
2	4	1	3	4	3	15	13	5	4	0	5
2	1	4	3	4	3	15	13	12	4	13	5
2	3	4	3	1	1	15	13	9	5	1	1
2	3	1	4	1	4	15	13	9	8	13	8
2	1	4	4	3	3	15	13	12	12	4	5
2	1	4	3	4	2	15	9	8	0	0	0
2	1	3	1	4	4	15	13	12	9	8	12
2	4	3	1	4	1	15	13	5	1	12	1
2	4	3	1	3	1	15	13	5	1	12	1
2	3	4	1	1	3	15	13	9	1	13	0
1	4	2	3	4	1	11	8	2	4	0	0
2	4	3	1	1	3	15	13	5	1	13	0
2	3	1	4	4	1	15	13	9	8	12	0
2	4	3	1	1	4	15	13	5	1	13	8
2	4	1	3	1	4	15	13	5	4	0	0
2	4	1	3	4	3	15	13	5	4	0	4
2	3	1	4	1	2	15	13	9	8	0	0
2	3	4	3	1	1	15	13	9	5	1	9
2	4	1	3	4	1	15	13	5	4	13	1
2	3	4	1	3	4	15	13	9	1	4	9
2	3	4	1	4	3	15	13	9	1	0	4
2	1	4	3	3	1	15	13	12	4	13	9
2	1	4	1	3	4	15	13	12	5	4	0
2	1	3	4	4	3	15	13	12	8	13	0
2	1	3	4	2	4	15	13	12	8	0	0
2	1	3	4	4	1	15	13	12	8	12	1
2	1	4	3	3	4	15	13	12	4	0	8
2	4	3	1	3	4	15	13	5	1	4	9
2	3	1	4	3	1	15	13	9	8	13	9
1	4	2	3	4	2	11	8	6	0	0	0
2	4	3	1	1	4	15	13	5	1	0	0
2	4	3	1	4	1	15	8	5	1	0	0
2	3	1	4	1	4	15	13	9	8	0	8
2	4	3	1	3	1	15	13	5	1	5	0
2	1	3	4	3	4	15	13	12	8	0	9
2	4	3	1	4	3	15	8	5	0	0	0
2	4	1	4	3	3	15	13	5	13	4	4
2	4	4	1	1	3	15	13	13	5	5	4
2	1	4	3	1	3	15	13	12	4	13	4
2	4	3	1	4	1	15	13	5	1	12	0
2	1	3	4	4	1	15	13	12	8	13	0
2	1	4	3	4	1	15	13	12	4	12	0
2	3	1	4	4	3	15	13	9	8	0	5
2	4	3	4	1	3	15	13	5	13	1	4
2	1	4	3	1	3	15	13	12	4	13	0
2	1	4	3	4	1	15	13	12	4	13	5
2	3	1	3	4	1	15	13	9	12	8	1
2	3	4	1	4	3	15	13	9	1	9	4
2	4	3	4	1	1	15	13	5	13	1	0
2	4	3	1	3	1	15	13	5	1	4	1
2	4	1	3	1	3	15	13	5	4	13	4
2	4	3	1	4	1	15	13	5	1	8	1
2	4	3	1	1	3	15	13	5	1	0	4
2	3	4	1	4	3	15	13	9	1	9	0
2	3	1	4	3	4	15	13	9	8	4	9
2	4	3	1	4	3	15	8	0	1	0	0
2	3	1	4	3	4	15	13	9	8	0	9
2	4	1	1	3	3	15	13	5	13	4	0
2	1	3	4	3	4	15	13	12	8	4	0
2	4	1	3	3	4	15	13	5	4	4	8
2	4	3	3	1	1	15	13	5	5	1	1
2	1	4	1	3	4	15	13	12	5	4	12
2	4	1	3	3	4	15	12	5	4	0	0
2	1	4	3	1	4	15	13	12	4	0	8
3	4	1	2	4	1	13	8	0	0	0	0
3	4	1	2	4	2	13	8	3	2	0	0
2	3	4	1	4	1	15	13	9	1	9	5
2	4	3	1	1	4	15	13	5	1	1	8
2	1	4	3	3	2	15	13	12	4	0	0
2	4	1	3	1	3	15	13	5	4	1	12
2	3	4	1	2	3	15	13	9	1	0	0
2	4	3	1	3	4	15	13	5	1	4	8
2	4	3	3	1	1	15	13	5	5	1	9
2	4	3	1	1	4	15	13	5	1	5	8
2	4	1	3	4	1	15	8	0	0	0	0
2	3	4	1	1	4	15	13	9	1	5	8
2	4	3	1	1	3	15	13	5	1	0	0
1	4	3	2	4	2	11	8	4	2	0	0
2	3	4	1	3	4	15	13	9	1	4	0
2	3	4	1	4	3	15	13	9	1	12	0
1	4	2	3	4	3	11	8	0	0	0	0
2	1	3	4	3	1	15	13	12	8	4	9
2	3	1	4	3	4	15	12	9	8	0	0
2	4	4	1	3	1	15	13	13	5	4	5
2	3	1	4	1	4	15	13	9	8	5	8
3	4	2	1	4	1	13	8	2	1	0	0
2	4	3	1	3	4	15	13	5	1	5	8
2	3	4	1	4	1	15	13	9	1	12	0
2	3	4	3	1	1	15	13	9	13	1	1
2	1	3	1	4	3	15	13	12	13	8	4
2	4	3	1	3	1	15	13	5	1	4	0
2	3	4	1	4	3	15	13	9	1	13	0
2	4	1	3	4	3	15	13	5	4	13	5
2	3	4	1	4	1	15	13	9	1	12	1
2	1	3	4	1	4	15	13	12	8	9	0
2	4	1	3	3	1	15	13	5	4	0	0
2	1	4	3	1	3	15	13	12	4	0	4
2	4	3	4	1	1	15	13	5	13	1	5
2	4	3	1	1	4	15	13	5	1	0	12
3	1	4	2	4	1	13	9	8	0	0	0
2	4	1	4	3	3	15	13	5	12	4	0
1	4	3	2	4	3	11	8	4	0	0	0
2	4	1	3	4	3	15	13	5	4	12	4
2	3	1	4	1	3	15	13	9	8	5	0
2	1	3	3	4	1	15	13	12	13	8	9
2	1	3	4	1	4	15	13	12	8	0	0
2	4	1	3	1	4	15	13	5	4	5	8
2	3	4	1	4	3	15	13	9	1	0	0
2	4	3	4	1	3	15	13	5	13	1	5
2	3	1	4	4	3	15	13	9	8	9	5
2	3	4	4	1	1	15	13	9	9	1	5
2	3	4	4	1	3	15	13	9	13	1	4
2	1	3	4	1	4	15	13	12	8	1	12
2	1	4	4	1	3	15	13	12	13	5	4
2	4	1	3	2	3	15	13	5	4	0	0
2	4	3	1	2	4	15	13	5	1	0	0
2	4	3	1	4	2	15	8	4	1	0	0
2	1	4	3	3	4	15	13	12	4	13	8
2	4	1	3	3	4	15	13	5	4	12	9
2	1	3	4	4	1	15	13	12	8	9	1
2	3	1	4	1	3	15	13	9	8	0	0
2	3	1	3	4	4	15	13	9	12	8	0
2	4	3	1	3	1	15	13	5	1	5	1
3	2	4	1	4	1	13	10	8	1	0	0
2	3	1	4	1	3	15	13	9	8	1	0
2	3	1	4	3	1	15	13	9	8	13	0
3	1	2	4	4	3	13	9	10	8	0	0
2	3	4	1	4	3	15	13	8	1	0	0
2	1	3	4	1	4	15	13	12	8	13	0
2	1	3	1	3	4	15	13	12	9	12	8
2	1	3	4	3	1	15	13	12	8	5	9
2	4	3	3	1	1	15	13	5	13	1	1
2	3	1	4	4	1	15	12	9	8	0	0
2	3	1	1	4	3	15	13	9	13	8	0
1	2	4	3	4	3	11	14	8	4	0	0
2	4	1	3	4	3	15	13	5	4	12	5
2	4	3	3	4	1	15	13	5	13	9	1
2	3	1	1	3	4	15	13	9	9	12	8
2	1	4	3	3	4	15	13	12	4	0	9
2	3	1	4	1	3	15	13	9	8	0	4
2	1	3	4	1	3	15	13	12	8	5	4
2	3	4	1	3	4	15	12	8	1	0	0
3	1	2	4	4	1	13	11	10	8	0	0
2	4	3	3	1	4	15	13	5	5	1	0
3	4	2	1	4	3	13	8	0	1	0	0
2	4	3	1	1	3	15	13	5	1	13	4
2	1	3	4	4	3	15	13	12	8	9	0
2	4	1	3	1	4	15	13	5	4	1	12
2	4	3	1	1	3	15	13	5	1	13	12
2	4	3	1	3	1	15	13	5	1	0	0
2	1	3	4	1	4	15	13	12	8	9	8
2	1	4	3	4	1	15	13	12	4	12	5
2	1	3	4	2	3	15	13	12	8	0	0
2	1	4	3	4	1	15	13	12	4	9	0
2	3	1	3	4	1	15	13	9	13	8	0
2	4	3	1	1	3	15	13	5	1	5	4
2	1	3	4	3	1	15	13	12	8	13	1
2	4	3	1	4	2	15	8	5	1	0	0
3	4	2	1	4	2	13	8	0	1	0	0
2	4	4	3	1	3	15	13	13	5	1	5
2	4	1	3	1	3	15	13	5	4	0	12
2	4	1	3	4	1	15	13	5	4	13	5
1	4	3	2	4	1	11	8	4	0	0	0
2	3	4	1	1	3	15	13	9	1	9	12
2	3	4	4	3	1	15	13	9	9	5	1
2	1	4	3	3	1	15	13	12	4	13	1
2	1	4	3	4	2	15	13	8	4	0	0
2	4	1	3	4	1	15	13	5	4	12	1
2	4	3	1	3	1	15	13	5	1	4	9
1	3	4	2	4	1	11	12	8	0	0	0
2	4	3	4	1	1	15	13	5	9	1	5
2	1	3	4	1	3	15	13	12	8	0	4
3	2	4	1	4	2	13	10	8	1	0	0
2	1	3	4	3	1	15	13	12	8	12	9
2	1	3	4	3	4	15	13	12	8	4	9
2	4	1	3	3	4	15	13	5	4	12	8
2	1	4	3	2	3	15	13	12	4	0	0
2	4	3	1	3	4	15	13	5	1	0	9
2	4	1	3	1	3	15	13	5	4	5	0
2	1	3	4	2	1	15	13	12	8	0	0
1	3	4	2	4	3	11	14	8	2	0	0
2	1	4	3	3	4	15	13	12	4	12	8
2	3	4	1	1	3	15	13	9	1	1	12
2	1	4	1	3	4	15	13	12	5	4	8
2	1	4	3	4	3	15	13	12	4	0	5
1	3	2	4	4	2	11	14	10	8	0	0
2	1	1	3	4	3	15	13	13	12	8	4
2	3	4	1	1	3	15	13	9	1	0	12
2	1	4	4	3	3	15	13	12	13	4	5
2	4	3	1	1	4	15	13	5	1	1	12
3	2	4	1	4	2	13	11	8	0	0	0
2	1	4	3	4	1	15	9	8	0	0	0
2	3	4	1	1	3	15	13	9	1	0	0
2	3	1	4	1	3	15	13	9	8	9	0
2	4	3	1	3	1	15	13	5	1	12	9
2	4	3	1	3	4	15	13	5	1	0	0
2	1	4	3	4	3	15	9	8	0	0	0
2	4	3	1	4	1	15	13	5	1	0	5
2	4	1	4	1	3	15	13	5	12	5	4
1	4	3	2	4	3	11	8	6	2	0	0
2	3	1	3	4	1	15	13	9	12	8	9
2	4	1	3	3	1	15	13	5	4	12	1
2	1	4	3	3	1	15	13	12	4	4	0
3	4	1	2	4	3	13	8	0	2	0	0
2	4	1	3	4	3	15	8	0	0	0	0
2	3	4	3	4	1	15	13	9	13	9	1
2	4	1	4	3	1	15	13	5	12	4	0
3	4	2	1	4	3	13	8	0	0	0	0
2	3	4	1	3	4	15	13	9	1	12	8
2	4	1	3	3	1	15	13	5	4	5	9
2	3	1	4	2	3	15	13	9	8	0	0
2	4	1	3	4	3	15	13	5	4	0	0
2	3	4	1	1	3	15	13	9	1	13	12
2	1	1	4	3	3	15	13	13	12	4	12
2	4	3	1	4	3	15	13	5	1	9	4
2	3	1	4	1	4	15	13	9	8	13	12
2	1	4	3	1	3	15	13	12	4	5	12
2	4	3	1	2	3	15	13	5	1	0	0
2	1	4	4	1	3	15	13	12	12	5	4
2	1	3	4	4	1	15	13	12	8	13	5
2	4	1	3	1	3	15	13	5	4	0	4
2	1	3	4	1	3	15	13	12	8	9	0
1	2	4	3	4	1	11	14	8	0	0	0
2	1	4	3	4	1	15	13	8	0	0	0
2	4	3	1	4	3	15	13	5	1	12	4
2	1	4	3	1	3	15	13	12	4	0	0
2	3	1	3	1	4	15	13	9	12	9	8
2	4	1	3	1	3	15	13	5	4	13	0
2	1	3	3	4	1	15	13	12	13	8	0
2	1	4	3	3	4	15	13	12	4	13	9
2	3	1	1	4	3	15	13	9	9	8	12
2	1	4	3	3	4	15	13	12	4	4	0
1	3	4	2	4	3	11	14	8	0	0	0
2	4	1	3	3	1	15	12	5	4	4	0
2	1	3	4	4	3	15	13	12	8	8	0
2	1	3	1	3	4	15	13	12	13	12	8
2	4	3	1	3	4	15	12	4	1	0	0
1	4	3	2	4	3	11	8	0	0	0	0
3	1	2	4	4	2	13	9	10	8	0	0
2	4	1	3	4	2	15	8	1	0	0	0
2	3	4	1	4	2	15	12	8	1	0	0
2	4	3	3	1	1	15	13	5	13	1	0
2	1	4	3	1	3	15	13	12	4	9	0
2	4	3	1	3	1	15	13	5	1	12	0
2	3	4	1	3	4	15	13	9	1	5	9
2	3	1	3	4	4	15	13	9	12	8	8
2	1	4	3	3	1	15	13	12	4	0	9
2	4	3	1	4	1	15	13	5	1	0	0
2	1	3	4	4	1	15	13	12	8	8	1
2	4	1	3	1	3	15	13	5	4	1	0
2	4	1	3	3	1	15	13	5	4	13	0
2	4	1	3	4	2	15	8	0	0	0	0
2	3	1	4	1	4	15	13	9	8	0	0
2	3	1	3	1	4	15	13	9	13	9	8
2	1	4	3	1	4	15	13	12	4	9	8
2	3	4	3	1	4	15	13	9	5	1	0
2	3	1	4	3	4	15	13	9	8	4	0
2	3	4	1	4	1	15	13	9	1	13	5
2	3	4	1	3	4	15	13	9	1	4	8
2	4	3	1	4	1	15	8	0	1	0	0
2	3	4	1	1	3	15	13	9	1	9	0
2	1	3	4	3	1	15	13	12	8	0	9
3	4	1	2	4	1	13	8	0	2	0	0
2	4	1	3	4	3	15	13	5	4	9	4
2	3	1	4	1	3	15	13	9	8	9	4
2	4	3	4	1	3	15	13	5	9	1	4
2	4	3	1	2	1	15	13	5	1	0	0
2	4	1	3	1	3	15	13	5	4	0	0
2	1	1	4	3	4	15	13	13	12	4	12
3	4	2	1	4	2	13	8	2	0	0	0
3	2	1	4	4	2	13	11	9	8	0	0
2	4	1	3	4	1	15	13	5	4	8	0
2	3	4	1	4	3	15	13	9	1	8	5
2	3	1	4	4	1	15	13	9	8	0	5
2	4	1	3	4	1	15	8	1	4	0	0
2	1	4	3	4	2	15	13	8	0	0	0
2	1	4	3	4	1	15	13	12	4	9	5
2	4	3	1	1	4	15	13	5	1	5	0
2	4	3	1	4	1	15	13	5	1	9	5
2	3	4	1	1	4	15	13	9	1	13	12
2	3	4	1	1	3	15	13	9	1	0	4
2	3	4	1	1	3	15	13	9	1	5	12
1	4	3	2	4	1	11	8	6	2	0	0
2	4	3	1	1	3	15	13	5	1	5	0
