4	3	2	3	1	2	15	7	3	7	1	0
4	3	1	2	3	2	15	7	3	2	5	2
4	3	2	1	2	3	15	7	3	1	6	0
4	2	1	1	3	3	15	7	5	7	4	0
4	1	3	2	2	3	15	7	6	2	2	0
4	1	1	3	2	2	15	7	7	6	2	2
4	1	2	3	3	2	15	7	6	4	0	0
4	1	3	2	3	2	15	7	6	2	7	2
4	3	2	1	3	2	15	7	3	1	4	3
4	1	1	2	3	3	15	7	7	6	4	0
4	1	2	3	1	3	15	7	6	4	7	0
4	2	1	3	3	1	15	7	5	4	5	1
2	4	1	3	2	3	14	12	5	4	0	0
4	2	1	3	1	3	15	7	5	4	3	0
4	2	1	3	2	1	15	7	5	4	2	5
2	4	1	3	2	4	14	12	5	4	0	0
4	2	3	2	1	3	15	7	5	7	1	5
4	3	1	2	1	2	15	7	3	2	1	6
2	4	4	3	3	1	14	12	13	4	4	1
4	3	2	2	1	1	15	7	3	7	1	1
2	3	4	3	4	2	14	12	8	0	0	0
2	3	4	1	3	4	14	12	8	1	0	0
2	4	3	3	4	1	14	12	4	4	8	0
2	4	3	1	3	4	14	12	4	5	4	0
4	2	3	1	2	3	15	7	5	1	6	5
4	1	2	3	1	2	15	7	6	4	7	2
2	4	3	1	3	4	14	12	4	0	0	8
2	1	3	4	3	4	14	13	12	8	0	8
4	1	3	2	4	2	15	7	6	2	0	0
4	2	2	1	3	3	15	7	7	5	4	0
4	2	3	2	1	3	15	7	5	3	1	5
4	3	1	2	1	3	15	7	3	2	5	0
4	1	2	3	2	3	15	7	6	4	2	0
2	1	3	3	4	4	14	13	12	12	8	0
4	3	1	3	2	2	15	7	3	6	2	2
4	3	2	1	2	1	15	7	3	1	2	0
2	4	3	1	3	4	14	12	4	0	4	8
2	4	3	1	4	3	14	12	4	9	12	0
2	4	3	1	3	4	14	12	4	13	0	8
2	3	3	1	4	4	14	12	13	9	8	8
4	1	2	3	3	1	15	7	6	4	5	0
4	2	3	1	2	3	15	7	5	1	7	0
4	2	1	3	1	3	15	7	5	4	1	0
2	4	3	4	1	3	14	12	4	12	5	0
4	2	1	3	3	1	15	7	5	4	5	0
4	3	2	1	2	1	15	7	3	1	7	5
2	4	3	4	1	3	14	12	4	0	5	4
2	3	1	4	4	3	14	12	9	8	0	0
2	4	1	3	3	4	14	12	13	4	12	8
4	3	2	1	1	2	15	7	3	1	0	0
2	3	4	1	3	4	14	12	8	13	0	0
2	4	4	3	1	3	14	12	12	4	0	4
4	3	1	2	3	1	15	7	3	2	5	1
2	4	3	1	4	2	14	8	0	0	0	0
2	4	3	1	4	3	14	12	4	9	0	4
2	1	4	3	4	2	14	9	8	0	0	0
4	1	3	2	3	2	15	7	6	2	4	0
1	4	3	2	4	3	9	8	6	2	0	0
2	3	3	4	1	4	14	12	13	8	9	8
4	3	2	1	4	2	15	7	3	1	0	0
4	2	3	1	2	3	15	7	5	1	2	5
2	4	3	3	4	1	14	12	4	4	0	1
2	3	4	3	4	1	14	12	8	13	0	1
4	2	1	2	3	1	15	7	5	6	4	5
2	4	4	3	1	3	14	12	13	4	5	4
4	1	2	2	3	3	15	7	6	6	4	0
2	4	4	3	3	1	14	12	12	4	4	0
1	4	3	2	4	2	9	8	0	2	0	0
2	4	4	1	3	3	14	12	12	5	4	0
2	3	1	4	4	1	14	13	9	8	0	0
2	4	3	4	3	1	14	12	4	12	0	0
4	1	3	1	2	2	15	7	6	3	2	6
4	2	3	1	1	2	15	7	5	1	5	0
2	1	4	3	4	3	14	13	12	4	0	0
4	2	1	1	3	3	15	7	5	5	4	4
4	3	2	1	2	3	15	7	3	1	0	4
2	4	3	1	3	4	14	12	4	1	4	8
2	4	3	1	4	3	14	12	4	5	8	4
4	1	3	2	2	1	15	7	6	2	3	1
1	4	2	3	4	3	9	8	0	4	0	0
4	1	3	2	3	1	15	7	6	2	0	0
2	3	1	4	3	4	14	12	13	8	0	0
4	1	2	3	2	3	15	7	6	4	7	4
2	4	3	1	4	3	14	12	4	9	0	0
2	3	1	4	3	4	14	12	9	8	12	8
4	3	1	2	1	3	15	7	3	2	5	4
2	3	1	4	4	3	14	13	9	8	0	0
4	1	2	3	2	3	15	7	6	4	3	4
4	3	2	3	2	1	15	7	3	7	3	1
4	2	3	1	1	2	15	7	5	1	3	2
2	4	3	1	4	3	14	8	5	1	0	0
4	3	1	2	1	2	15	7	3	2	3	6
2	3	4	1	3	4	14	12	8	0	4	8
2	3	4	4	1	3	14	12	8	13	5	4
2	4	3	1	4	1	14	8	0	1	0	0
4	3	2	1	2	3	15	7	3	1	6	4
4	1	3	2	2	1	15	7	6	2	2	0
2	3	1	4	4	1	14	12	9	8	8	0
2	3	1	4	3	4	14	12	13	8	0	8
4	1	3	1	2	3	15	7	6	3	2	0
4	3	1	2	2	1	15	7	3	2	2	1
1	4	2	3	4	2	9	8	6	0	0	0
4	2	3	1	1	3	15	7	5	1	1	4
2	3	4	1	4	3	14	12	8	5	8	4
1	4	3	2	4	1	9	8	0	0	0	0
4	3	1	2	1	2	15	7	3	2	5	2
4	3	2	1	1	2	15	7	3	1	7	0
4	2	1	3	3	1	15	7	5	4	6	0
4	3	1	2	2	3	15	7	3	2	0	5
2	3	4	4	1	3	14	12	8	12	5	4
4	1	3	3	2	1	15	7	6	7	2	0
4	3	2	1	3	2	15	7	3	1	6	2
4	1	3	2	1	3	15	7	6	2	5	0
4	2	3	3	1	1	15	7	5	7	1	3
4	1	1	3	2	3	15	7	7	6	2	6
2	4	3	4	3	1	14	12	4	12	5	0
4	2	2	3	1	3	15	7	7	5	1	5
2	4	3	3	1	4	14	12	4	5	9	0
2	4	3	1	4	3	14	12	4	13	8	0
2	3	4	1	4	3	14	12	8	0	12	4
2	3	4	3	1	4	14	12	8	13	1	8
4	1	2	3	4	3	15	7	6	4	0	0
4	1	2	3	1	3	15	7	6	4	3	4
4	2	1	3	3	1	15	7	5	4	5	3
2	3	4	1	4	3	14	12	8	9	8	0
4	3	1	3	2	1	15	7	3	7	2	3
2	4	3	2	1	4	14	12	4	0	0	0
4	2	1	3	3	2	15	7	5	4	7	0
2	1	3	4	4	1	14	13	12	8	0	0
4	1	3	2	3	1	15	7	6	2	7	1
4	3	1	2	3	1	15	7	3	2	4	0
4	3	1	2	1	3	15	7	3	2	0	4
2	3	1	4	3	4	14	12	9	8	4	0
2	1	4	3	4	1	14	9	8	4	0	0
2	1	4	3	2	4	14	13	12	4	0	0
2	3	4	4	3	1	14	12	8	13	4	1
2	4	3	4	3	1	14	12	4	9	4	1
2	3	4	1	3	4	14	12	8	13	0	8
1	4	2	3	4	3	9	8	6	4	0	0
2	3	4	2	4	1	14	12	8	0	0	0
4	1	3	2	3	1	15	7	6	2	6	3
2	3	4	1	3	4	14	12	8	9	4	8
4	2	1	3	3	2	15	7	5	4	4	0
2	4	3	1	4	2	14	8	4	1	0	0
4	2	1	3	3	2	15	7	5	4	7	2
2	4	3	4	1	3	14	12	4	8	5	4
4	3	2	1	3	1	15	7	3	1	0	0
4	1	2	3	3	2	15	7	6	4	6	2
2	3	4	3	4	1	14	12	8	12	9	1
2	4	3	4	1	3	14	12	4	9	1	0
2	1	4	3	4	2	14	13	8	0	0	0
2	1	3	4	4	3	14	13	12	8	12	4
4	1	3	2	2	1	15	7	6	2	2	5
2	3	1	3	4	4	14	12	13	12	8	8
4	3	2	3	1	2	15	7	3	7	1	3
2	4	3	1	4	3	14	12	4	5	12	0
4	1	3	3	2	2	15	7	6	6	2	3
4	1	2	3	1	3	15	7	6	4	1	4
1	2	3	4	4	3	9	14	12	8	0	0
4	2	3	1	3	1	15	7	5	1	0	0
4	2	3	3	1	2	15	7	5	7	1	0
4	3	1	2	2	3	15	7	3	2	3	0
2	3	4	1	2	4	14	12	8	0	0	0
4	1	3	2	2	1	15	7	6	2	6	1
2	3	3	1	4	4	14	12	12	9	8	0
2	3	4	1	3	4	14	12	8	9	12	0
4	1	2	1	3	3	15	7	6	7	4	6
2	3	3	4	1	4	14	12	13	8	0	0
4	1	2	3	3	1	15	7	6	4	6	0
2	4	3	1	4	3	14	12	4	0	8	4
2	4	3	1	4	3	14	12	4	1	8	0
1	4	3	2	4	3	9	8	4	0	0	0
2	4	3	4	3	1	14	12	4	9	5	0
2	4	3	1	3	4	14	12	4	9	4	8
4	1	3	2	3	2	15	7	6	2	0	0
4	3	2	1	3	1	15	7	3	1	6	1
4	1	3	2	1	2	15	7	6	2	1	6
4	2	1	3	3	2	15	7	5	4	4	2
2	3	1	4	3	2	14	12	9	8	0	0
2	3	4	1	3	4	14	12	8	13	12	0
4	3	2	1	1	2	15	7	3	1	3	6
4	1	3	3	2	1	15	7	6	6	2	1
4	1	2	3	1	3	15	7	6	4	1	0
4	1	3	2	1	3	15	7	6	2	5	4
4	1	1	3	2	2	15	7	7	6	2	0
4	2	1	3	2	3	15	7	5	4	6	5
4	1	2	3	1	2	15	7	6	4	0	6
4	2	3	1	3	2	15	7	5	1	4	3
2	4	3	4	1	3	14	12	4	8	1	4
2	1	4	4	3	3	14	13	12	12	4	4
2	4	1	3	4	3	14	8	1	4	0	0
4	2	2	1	3	1	15	7	7	5	4	5
4	3	1	2	1	2	15	7	3	2	1	0
4	2	3	1	4	1	15	7	5	1	0	0
2	4	3	3	1	4	14	12	4	5	0	0
2	4	3	4	3	1	14	12	4	8	4	1
2	4	3	1	3	4	14	12	4	1	12	8
2	3	4	4	3	1	14	12	8	13	0	0
2	3	4	4	1	3	14	12	8	0	1	4
2	4	3	4	1	3	14	12	4	9	5	0
4	2	3	1	3	4	15	7	5	1	0	0
4	3	2	1	1	3	15	7	3	1	5	4
4	2	1	1	3	3	15	7	5	5	4	6
4	2	3	1	1	2	15	7	5	1	7	2
4	3	2	1	3	1	15	7	3	1	6	3
2	3	1	4	3	4	14	12	13	8	4	0
4	2	3	1	3	2	15	7	5	1	7	0
2	4	4	3	3	1	14	12	12	4	4	1
2	4	3	4	1	3	14	12	4	9	0	0
2	4	4	1	3	3	14	12	12	5	4	4
4	1	2	3	1	3	15	7	6	4	5	4
4	3	1	2	1	3	15	7	3	2	7	6
4	3	2	1	3	1	15	7	3	1	0	3
2	3	4	1	4	3	14	12	8	9	8	4
1	3	4	2	4	2	9	12	8	0	0	0
4	3	1	2	1	2	15	7	3	2	0	2
2	1	3	4	4	3	14	9	12	8	0	0
2	3	4	4	3	1	14	12	8	9	0	0
4	2	2	3	3	1	15	7	7	5	5	1
4	1	2	3	2	3	15	7	6	4	6	5
2	4	1	3	3	4	14	12	5	4	0	0
4	3	1	2	4	2	15	7	3	2	0	0
4	3	1	3	2	1	15	7	3	6	2	3
4	3	2	1	3	2	15	7	3	1	7	2
2	3	4	4	1	3	14	12	8	12	0	0
2	4	3	1	3	4	14	12	4	9	12	0
4	1	2	3	2	3	15	7	6	4	7	5
4	1	2	3	2	1	15	7	6	4	6	5
4	2	3	1	1	3	15	7	5	1	5	0
2	3	4	1	4	3	14	12	8	0	12	0
2	3	4	1	3	4	14	12	8	5	0	0
2	4	3	1	4	1	14	8	5	0	0	0
4	3	1	2	1	2	15	7	3	2	0	6
4	1	2	2	3	1	15	7	6	7	4	1
4	3	2	2	1	3	15	7	3	7	1	4
4	1	2	1	3	2	15	7	6	7	4	6
2	3	4	4	3	1	14	12	8	13	5	0
2	4	3	1	3	4	14	12	4	1	4	0
4	1	3	3	2	2	15	7	6	7	2	3
4	2	1	3	1	2	15	7	5	4	3	6
4	2	1	3	2	1	15	7	5	4	3	0
2	4	3	1	4	2	14	12	4	0	0	0
4	1	2	3	1	2	15	7	6	4	7	6
4	2	3	3	2	1	15	7	5	5	3	1
4	2	2	1	3	1	15	7	7	5	4	0
2	3	3	4	4	1	14	12	12	8	0	1
2	3	4	4	3	1	14	12	8	12	5	1
2	3	4	3	1	4	14	12	8	4	1	8
2	4	1	3	4	2	14	8	5	4	0	0
2	1	3	4	3	4	14	13	12	8	4	8
2	3	4	3	4	1	14	12	8	4	0	0
2	3	3	4	1	4	14	12	12	8	0	0
4	2	3	3	1	2	15	7	5	7	1	3
4	1	2	3	3	2	15	7	6	4	5	2
2	4	3	1	3	4	14	12	4	0	4	0
4	2	1	3	2	3	15	7	5	4	0	4
2	3	1	4	4	2	14	13	9	8	0	0
4	2	1	3	1	2	15	7	5	4	7	6
2	4	3	3	1	4	14	12	4	12	9	8
4	3	2	1	1	3	15	7	3	1	1	4
4	3	1	2	3	2	15	7	3	2	0	3
2	4	1	3	3	4	14	12	13	4	12	0
4	3	1	2	2	3	15	7	3	2	7	5
2	4	3	3	4	1	14	12	4	0	0	1
4	1	3	2	3	2	15	7	6	2	5	2
4	1	3	2	3	1	15	7	6	2	7	3
4	3	2	1	3	2	15	7	3	1	7	3
4	3	2	1	3	2	15	7	3	1	5	3
2	3	4	1	4	3	14	12	8	0	8	4
4	3	2	1	3	2	15	7	3	1	0	2
4	1	3	2	2	3	15	7	6	2	6	5
4	3	2	1	2	1	15	7	3	1	2	5
4	2	3	1	3	2	15	7	5	1	6	0
2	3	4	4	1	3	14	12	8	13	1	0
1	2	3	4	4	1	9	10	12	8	0	0
4	1	2	3	3	2	15	7	6	4	4	2
4	1	3	2	3	2	15	7	6	2	6	2
2	4	3	4	1	3	14	12	4	8	5	0
2	4	3	3	4	1	14	12	4	13	0	0
2	4	3	1	3	4	14	12	4	5	0	8
2	4	3	1	4	3	14	8	4	1	0	0
2	3	4	4	1	3	14	12	8	0	5	0
4	2	3	1	1	2	15	7	5	1	0	6
4	2	3	1	2	3	15	7	5	1	7	5
4	1	3	2	3	2	15	7	6	2	7	3
4	3	2	1	2	3	15	7	3	1	3	4
2	4	3	1	4	3	14	12	4	0	12	4
2	4	3	1	4	2	14	12	4	1	0	0
4	3	2	1	3	1	15	7	3	1	5	0
2	4	3	4	2	1	14	12	4	0	0	0
4	3	2	1	3	2	15	7	3	1	5	0
2	4	3	1	4	3	14	12	4	0	0	4
2	3	4	4	1	3	14	12	8	8	5	0
4	1	3	1	2	3	15	7	6	7	2	0
4	2	3	1	3	1	15	7	5	1	7	1
2	4	1	4	3	3	14	12	13	12	4	4
2	3	4	3	4	1	14	12	8	4	0	1
4	1	3	2	1	2	15	7	6	2	7	2
4	3	1	2	2	1	15	7	3	2	6	1
4	1	3	2	1	2	15	7	6	2	7	0
1	4	3	2	4	2	9	8	6	0	0	0
4	2	3	1	3	2	15	7	5	1	0	3
4	3	2	1	3	2	15	7	3	1	5	2
4	1	2	3	2	1	15	7	6	4	0	1
4	2	3	1	2	3	15	7	5	1	2	0
2	3	4	3	1	4	14	12	8	4	9	8
4	2	1	1	3	2	15	7	5	5	4	6
1	3	2	4	4	1	9	14	10	8	0	0
2	4	3	1	3	4	14	12	4	9	0	0
2	3	4	1	4	1	14	13	8	0	0	0
2	3	4	3	4	1	14	12	8	12	0	1
4	1	2	3	3	1	15	7	6	4	7	0
4	3	1	2	1	2	15	7	3	2	3	2
2	3	4	1	4	3	14	12	8	13	8	0
4	3	2	2	1	1	15	7	3	7	1	5
4	1	2	3	1	2	15	7	6	4	1	6
4	2	3	3	1	2	15	7	5	5	1	0
4	1	3	3	2	2	15	7	6	7	2	2
4	2	1	2	3	1	15	7	5	7	4	5
4	2	1	1	3	3	15	7	5	7	4	4
2	4	3	3	1	4	14	12	4	0	1	8
4	2	1	3	2	1	15	7	5	4	2	1
4	3	1	1	2	2	15	7	3	3	2	2
2	4	3	3	1	4	14	12	4	12	0	8
2	4	3	3	4	1	14	12	4	4	9	0
4	1	3	2	2	1	15	7	6	2	0	0
2	3	4	2	3	4	14	12	8	0	0	0
4	1	2	2	1	3	15	7	6	6	5	4
4	1	2	3	3	1	15	7	6	4	4	1
2	4	3	3	1	2	14	12	4	0	0	0
2	4	3	3	1	4	14	12	4	0	1	0
2	4	3	3	1	4	14	12	4	0	9	0
4	1	2	3	1	2	15	7	6	4	5	6
4	2	3	3	1	2	15	7	5	5	1	3
1	2	4	3	4	2	9	14	8	0	0	0
4	3	1	2	2	4	15	7	3	2	0	0
4	3	2	1	3	1	15	7	3	1	7	3
2	4	3	3	1	4	14	12	4	13	1	0
4	1	2	3	2	3	15	7	6	4	2	5
4	1	3	1	2	3	15	7	6	3	2	6
1	2	4	3	4	3	9	14	8	0	0	0
4	3	2	1	2	3	15	7	3	1	3	5
2	3	4	1	4	3	14	12	8	1	8	4
1	4	2	3	4	3	9	8	6	0	0	0
2	3	4	4	2	1	14	12	8	0	0	0
2	4	1	3	4	3	14	8	5	0	0	0
4	2	1	3	2	3	15	7	5	4	6	4
4	1	3	2	1	3	15	7	6	2	0	6
2	4	1	3	4	2	14	8	1	4	0	0
4	1	2	2	3	3	15	7	6	7	4	4
2	4	3	3	2	1	14	12	4	0	0	0
2	4	3	3	4	1	14	12	4	12	9	0
2	4	3	3	4	1	14	12	4	12	0	0
4	2	1	3	2	1	15	7	5	4	0	0
4	2	1	3	1	3	15	7	5	4	0	4
4	1	2	3	2	1	15	7	6	4	3	5
4	3	1	2	1	3	15	7	3	2	1	0
4	2	1	2	3	1	15	7	5	6	4	0
4	3	2	3	1	1	15	7	3	7	1	0
1	3	4	2	4	2	9	12	8	2	0	0
2	3	4	4	1	3	14	12	8	12	1	4
4	1	2	3	3	1	15	7	6	4	4	0
2	4	3	1	3	4	14	12	4	0	0	0
1	4	3	2	4	1	9	8	4	2	0	0
2	4	3	4	3	1	14	12	4	0	0	1
2	4	3	3	4	1	14	12	4	12	0	1
2	3	4	1	3	4	14	12	8	1	12	0
2	3	4	3	1	4	14	12	8	4	0	0
4	1	2	1	3	2	15	7	6	5	4	2
4	2	1	3	3	2	15	7	5	4	6	0
2	4	3	2	1	3	14	12	4	0	0	0
4	1	3	2	2	1	15	7	6	2	3	5
4	3	2	1	1	2	15	7	3	1	1	2
4	2	1	2	3	1	15	7	5	7	4	0
4	2	3	1	3	1	15	7	5	1	4	0
4	3	2	1	2	1	15	7	3	1	6	1
4	3	1	2	2	1	15	7	3	2	2	0
2	3	4	1	4	3	14	12	8	5	12	0
2	3	4	1	4	3	14	12	8	0	0	0
2	4	3	3	1	4	14	12	4	4	1	0
2	4	3	4	3	1	14	12	4	9	0	1
4	2	2	1	3	3	15	7	7	5	4	4
2	3	4	3	1	4	14	12	8	5	9	8
4	3	2	1	1	3	15	7	3	1	3	4
2	3	3	4	4	1	14	12	13	8	0	1
2	3	4	4	1	3	14	12	8	12	0	4
2	4	1	3	4	2	14	8	1	0	0	0
2	4	4	3	3	1	14	12	13	4	5	1
2	3	4	1	3	4	14	12	8	13	12	8
2	3	3	1	4	4	14	12	13	9	8	0
2	4	4	3	1	3	14	12	12	4	1	0
4	2	3	1	2	1	15	7	5	1	3	1
4	3	2	1	2	3	15	7	3	1	0	5
4	3	1	2	3	4	15	7	3	2	0	0
2	4	3	4	3	1	14	12	4	8	0	1
2	3	4	1	4	3	14	12	8	1	0	0
2	3	4	3	1	4	14	12	8	0	9	0
2	3	4	1	3	4	14	12	8	5	12	8
2	4	1	3	4	3	14	12	5	4	0	0
2	4	1	3	4	3	14	12	5	4	0	4
4	2	3	1	1	3	15	7	5	1	7	6
4	3	1	1	3	2	15	7	3	7	6	2
4	3	3	2	2	1	15	7	7	3	3	1
4	2	1	3	3	1	15	7	5	4	0	0
4	2	1	3	1	3	15	7	5	4	3	4
2	3	4	1	3	4	14	12	8	9	4	0
4	3	1	2	2	1	15	7	3	2	0	0
4	3	2	2	1	1	15	7	3	3	1	0
4	3	1	2	2	1	15	7	3	2	6	0
4	3	1	2	1	2	15	7	3	2	7	0
2	4	1	3	4	3	14	12	13	4	8	4
4	2	1	3	1	3	15	7	5	4	1	4
4	3	2	1	3	1	15	7	3	1	7	0
2	4	3	1	4	3	14	8	0	0	0	0
4	3	2	2	3	1	15	7	3	3	5	1
2	1	4	3	4	3	14	9	8	4	0	0
2	3	4	1	3	2	14	12	8	0	0	0
1	4	2	3	4	1	9	8	2	4	0	0
2	3	4	3	4	1	14	12	8	5	9	0
2	3	1	3	4	4	14	12	13	12	8	0
2	3	4	1	4	3	14	12	8	9	0	0
2	4	1	3	4	3	14	12	5	4	8	0
4	1	2	3	2	3	15	7	6	4	6	4
4	3	1	2	2	1	15	7	3	2	2	5
2	4	3	1	2	4	14	12	4	1	0	0
4	2	1	3	1	2	15	7	5	4	5	6
4	3	2	1	2	3	15	7	3	1	3	0
2	4	3	3	1	4	14	12	4	4	9	0
1	4	2	3	4	2	9	8	6	4	0	0
2	4	1	3	3	4	14	12	5	4	4	0
4	1	2	3	2	3	15	7	6	4	7	0
4	2	1	2	3	3	15	7	5	6	4	4
2	4	4	3	3	1	14	12	13	4	5	0
2	3	4	1	3	4	14	12	8	13	4	0
1	4	2	3	4	1	9	8	0	4	0	0
2	3	4	3	1	4	14	12	8	5	9	0
2	3	4	3	1	4	14	12	8	12	0	0
4	1	3	2	1	3	15	7	6	2	0	0
4	2	3	1	1	3	15	7	5	1	3	6
4	3	2	3	1	2	15	7	3	5	1	3
4	1	3	2	1	2	15	7	6	2	0	2
4	1	3	2	2	3	15	7	6	2	6	0
4	1	2	3	4	2	15	7	6	4	0	0
4	3	1	2	2	3	15	7	3	2	6	4
4	2	1	3	2	1	15	7	5	4	7	0
1	4	3	2	4	3	9	8	0	0	0	0
2	1	4	3	4	1	14	13	8	4	0	0
2	4	3	1	3	4	14	12	4	1	0	8
2	4	3	1	3	4	14	12	4	5	0	0
2	4	4	3	3	1	14	12	13	4	0	1
1	2	4	3	4	1	9	10	8	0	0	0
4	1	3	2	1	3	15	7	6	2	1	4
4	2	3	1	3	1	15	7	5	1	6	3
4	3	2	1	1	2	15	7	3	1	0	6
2	4	4	1	3	3	14	12	13	5	4	4
4	1	3	2	1	3	15	7	6	2	3	6
4	1	3	2	2	1	15	7	6	2	6	5
4	3	1	1	2	3	15	7	3	3	2	6
1	2	4	3	4	3	9	10	8	0	0	0
2	4	4	3	1	3	14	12	12	4	0	0
2	4	1	3	3	4	14	12	5	4	12	0
2	3	4	4	1	3	14	12	8	0	1	0
2	4	3	3	4	1	14	12	4	0	9	1
2	4	3	4	1	3	14	12	4	9	0	4
2	4	4	3	1	3	14	12	13	4	0	4
1	4	2	3	4	2	9	8	0	4	0	0
1	3	4	2	4	1	9	14	8	0	0	0
4	3	2	1	3	1	15	7	3	1	4	1
2	3	4	1	3	4	14	12	8	1	12	8
2	3	4	4	1	3	14	12	8	9	1	4
4	1	3	2	1	3	15	7	6	2	1	0
2	4	3	4	1	3	14	12	4	13	1	0
4	2	3	1	1	3	15	7	5	1	5	6
4	3	1	2	3	1	15	7	3	2	6	1
2	4	3	1	4	3	14	12	4	5	12	4
2	4	3	1	3	4	14	12	4	13	4	8
2	3	4	3	1	4	14	12	8	13	1	0
4	2	3	1	1	2	15	7	5	1	3	6
4	2	3	1	3	2	15	7	5	1	5	2
4	3	1	2	3	2	15	7	3	2	5	3
4	1	2	3	3	2	15	7	6	4	0	3
2	3	3	4	4	1	14	12	12	8	9	0
4	1	3	2	3	4	15	7	6	2	0	0
4	1	2	3	3	2	15	7	6	4	5	3
2	1	4	3	4	3	14	13	12	4	12	4
4	1	2	1	3	3	15	7	6	7	4	0
4	2	3	1	2	3	15	7	5	1	6	0
4	1	2	3	1	3	15	7	6	4	7	6
4	3	2	1	3	1	15	7	3	1	5	3
4	3	1	2	3	2	15	7	3	2	4	0
4	1	3	2	2	3	15	7	6	2	6	4
4	1	2	3	3	2	15	7	6	4	6	3
2	3	4	4	3	1	14	12	8	8	5	0
2	3	1	4	3	4	14	12	9	8	0	8
2	4	3	2	4	1	14	12	4	0	0	0
4	1	3	1	3	2	15	7	6	3	6	2
2	4	3	3	4	1	14	12	4	12	9	1
4	1	2	3	2	1	15	7	6	4	7	0
4	2	3	1	1	2	15	7	5	1	5	6
2	3	4	3	1	4	14	12	8	0	0	8
4	1	3	2	1	3	15	7	6	2	0	4
2	3	4	1	4	3	14	12	8	13	0	4
4	1	1	2	3	2	15	7	7	6	4	2
4	3	1	2	3	2	15	7	3	2	4	2
4	3	2	1	1	3	15	7	3	1	7	4
4	3	2	3	1	1	15	7	3	7	1	1
4	3	2	2	3	1	15	7	3	7	5	1
4	1	3	2	2	3	15	7	6	2	3	5
4	2	3	1	1	3	15	7	5	1	7	0
2	4	3	3	4	1	14	12	4	0	0	0
4	1	2	3	2	3	15	7	6	4	6	0
2	3	1	4	4	3	14	12	9	8	8	0
2	3	4	3	4	1	14	12	8	13	8	0
4	2	3	1	2	1	15	7	5	1	2	1
4	1	2	3	2	1	15	7	6	4	2	5
4	2	1	3	1	3	15	7	5	4	0	0
2	1	4	3	4	3	14	13	12	4	12	0
4	1	1	3	2	3	15	7	7	6	2	0
4	1	3	2	2	1	15	7	6	2	0	5
4	2	3	1	2	3	15	7	5	1	7	4
4	1	3	3	2	1	15	7	6	7	2	1
4	3	2	3	2	1	15	7	3	5	3	1
2	1	3	4	4	3	14	13	12	8	12	0
1	4	3	2	4	1	9	8	0	2	0	0
2	4	3	4	2	3	14	12	4	0	0	0
4	1	3	2	1	2	15	7	6	2	5	2
4	3	1	2	1	4	15	7	3	2	0	0
4	3	1	2	3	2	15	7	3	2	6	0
2	3	3	4	1	4	14	12	13	8	0	8
2	4	1	3	4	2	14	8	0	4	0	0
4	1	2	3	3	2	15	7	6	4	7	0
4	2	1	3	1	3	15	7	5	4	1	6
4	2	3	1	2	3	15	7	5	1	0	0
2	3	4	4	3	1	14	12	8	8	5	1
2	4	3	1	4	3	14	12	4	0	0	0
4	1	2	3	1	2	15	7	6	4	7	0
4	3	2	1	1	2	15	7	3	1	7	2
4	2	1	3	2	3	15	7	5	4	2	4
4	1	3	2	2	3	15	7	6	2	0	0
2	4	3	1	4	2	14	8	5	1	0	0
4	1	3	2	3	1	15	7	6	2	4	3
4	2	1	3	3	2	15	7	5	4	0	3
2	1	4	3	3	4	14	13	12	4	4	8
2	3	1	4	4	3	14	12	13	8	0	4
4	3	1	2	1	3	15	7	3	2	1	6
2	4	3	4	1	3	14	12	4	8	0	0
2	3	4	1	3	4	14	12	8	5	4	8
4	2	1	3	2	1	15	7	5	4	0	1
2	4	1	3	3	4	14	12	13	4	4	8
4	3	2	1	4	3	15	7	3	1	0	0
4	3	2	1	3	2	15	7	3	1	4	0
2	1	4	3	4	3	14	13	8	0	0	0
1	4	2	3	4	3	9	8	2	4	0	0
2	4	1	3	4	3	14	12	13	4	8	0
2	4	3	1	4	2	14	8	5	0	0	0
2	3	4	1	4	1	14	13	8	1	0	0
2	4	1	3	3	4	14	12	5	4	0	8
2	4	3	1	4	3	14	12	4	9	8	0
2	4	3	4	3	1	14	12	4	9	4	0
4	1	3	2	3	1	15	7	6	2	6	0
4	2	1	2	3	3	15	7	5	7	4	0
4	2	1	3	2	1	15	7	5	4	6	0
2	1	3	4	2	3	14	13	12	8	0	0
4	3	2	1	3	1	15	7	3	1	0	1
2	3	4	4	3	1	14	12	8	12	5	0
2	4	3	3	4	1	14	12	4	5	9	0
2	4	1	4	3	3	14	12	13	12	4	0
2	3	4	4	3	1	14	12	8	0	0	0
2	3	4	4	3	1	14	12	8	9	4	0
4	1	2	3	1	2	15	7	6	4	5	2
4	2	3	1	3	2	15	7	5	1	6	2
2	3	4	4	3	1	14	12	8	8	4	0
2	3	4	4	1	3	14	12	8	0	5	4
4	3	2	1	2	1	15	7	3	1	7	1
4	1	2	1	3	3	15	7	6	5	4	6
2	4	3	4	3	1	14	12	4	13	4	1
2	1	4	3	4	3	14	13	12	4	8	4
2	3	4	3	4	1	14	12	8	0	8	0
2	4	1	3	4	2	14	8	0	0	0	0
2	4	3	4	3	1	14	12	4	0	0	0
4	2	1	3	1	2	15	7	5	4	3	2
4	2	1	2	3	1	15	7	5	7	4	1
1	3	4	2	4	3	9	12	8	2	0	0
4	2	1	3	1	2	15	7	5	4	0	2
4	2	3	1	1	2	15	7	5	1	1	2
1	4	3	2	4	3	9	8	0	2	0	0
4	3	1	2	2	3	15	7	3	2	3	5
2	3	4	3	1	4	14	12	8	5	1	0
2	3	1	4	3	4	14	12	9	8	4	8
2	1	3	3	4	4	14	13	12	12	8	8
4	1	2	3	3	1	15	7	6	4	5	1
4	1	3	2	1	2	15	7	6	2	0	0
2	3	4	3	1	4	14	12	8	13	0	8
4	3	2	1	2	3	15	7	3	1	2	5
1	4	3	2	4	1	9	8	4	0	0	0
4	3	3	1	2	1	15	7	7	3	2	1
2	4	3	1	3	4	14	12	4	5	12	8
4	3	1	2	2	1	15	7	3	2	6	5
4	1	2	3	2	3	15	7	6	4	0	5
2	3	4	4	3	1	14	12	8	8	4	1
1	4	3	2	4	2	9	8	4	2	0	0
4	1	3	2	1	2	15	7	6	2	3	0
4	2	3	1	4	2	15	7	5	1	0	0
4	3	1	2	1	3	15	7	3	2	7	0
4	3	2	3	1	2	15	7	3	5	1	0
2	4	3	3	4	2	14	12	4	0	0	0
1	4	3	2	4	1	9	8	6	0	0	0
4	1	2	3	2	1	15	7	6	4	0	5
2	4	3	3	1	4	14	12	4	12	1	0
4	1	3	2	3	2	15	7	6	2	0	2
4	2	3	1	2	1	15	7	5	1	2	5
2	4	3	1	3	4	14	12	4	13	4	0
2	3	4	3	1	4	14	12	8	0	1	8
4	2	1	3	2	1	15	7	5	4	0	5
2	3	4	3	1	4	14	12	8	12	9	8
4	3	2	1	1	2	15	7	3	1	7	6
2	4	3	1	3	4	14	12	4	0	12	0
2	4	1	3	4	3	14	8	0	0	0	0
2	4	3	3	4	1	14	12	4	0	9	0
4	3	1	2	2	3	15	7	3	2	6	5
4	1	1	2	3	2	15	7	7	6	4	6
4	2	3	1	3	1	15	7	5	1	7	0
4	3	1	2	1	2	15	7	3	2	3	0
1	2	3	4	4	2	9	14	12	8	0	0
4	3	1	1	3	2	15	7	3	3	6	2
4	3	1	2	3	2	15	7	3	2	0	2
4	3	2	2	1	1	15	7	3	3	1	1
4	1	2	3	3	4	15	7	6	4	0	0
4	3	1	1	2	3	15	7	3	7	2	0
4	3	1	2	2	1	15	7	3	2	3	0
4	3	2	1	2	1	15	7	3	1	0	1
4	1	2	2	3	3	15	7	6	7	4	0
4	3	2	1	1	3	15	7	3	1	0	6
1	3	4	2	4	3	9	12	8	0	0	0
2	4	1	3	4	3	14	8	0	4	0	0
2	4	3	1	4	3	14	12	4	5	8	0
2	4	3	4	3	1	14	12	4	12	0	1
2	3	4	1	3	4	14	12	8	5	12	0
4	3	2	2	1	3	15	7	3	3	1	5
4	2	3	1	3	1	15	7	5	1	6	0
2	4	3	4	1	3	14	8	4	0	0	0
4	2	2	1	3	3	15	7	7	5	4	5
2	3	4	4	3	1	14	12	8	12	0	0
4	2	1	3	1	3	15	7	5	4	5	4
2	4	3	3	4	1	14	12	4	13	9	0
2	4	3	4	3	1	14	12	4	13	5	0
4	2	3	1	3	2	15	7	5	1	6	3
4	1	2	3	2	1	15	7	6	4	7	5
2	1	3	4	3	4	14	13	12	8	12	8
4	2	3	1	3	1	15	7	5	1	6	1
4	3	1	3	2	1	15	7	3	7	2	1
4	2	3	3	1	1	15	7	5	5	1	1
2	3	4	2	3	1	14	12	8	0	0	0
1	4	3	2	4	3	9	8	4	2	0	0
2	3	4	2	4	3	14	12	8	0	0	0
4	2	3	1	2	1	15	7	5	1	6	0
4	1	2	3	1	3	15	7	6	4	7	4
4	2	3	1	1	2	15	7	5	1	7	6
4	3	2	1	2	1	15	7	3	1	0	5
2	3	1	4	4	3	14	12	9	8	8	4
1	4	2	3	4	2	9	8	2	4	0	0
4	1	3	2	4	1	15	7	6	2	0	0
4	3	1	2	3	2	15	7	3	2	6	2
2	3	4	4	1	3	14	12	8	8	1	4
4	1	2	3	2	4	15	7	6	4	0	0
2	4	3	4	3	1	14	12	4	12	5	1
2	3	4	3	1	4	14	12	8	13	9	8
1	3	4	2	4	2	9	14	8	2	0	0
4	3	2	1	2	3	15	7	3	1	2	0
4	3	1	3	1	2	15	7	3	7	3	2
2	4	3	3	1	4	14	12	4	5	1	8
4	3	1	2	3	1	15	7	3	2	7	1
1	4	3	2	4	3	9	8	6	0	0	0
2	4	3	4	1	3	14	12	4	0	1	4
4	2	1	3	3	2	15	7	5	4	5	2
4	3	1	2	3	1	15	7	3	2	0	1
2	1	4	3	3	4	14	13	12	4	12	8
2	3	4	1	3	4	14	12	8	9	0	0
1	4	3	2	4	2	9	8	6	2	0	0
2	3	4	1	4	2	14	13	8	0	0	0
4	3	2	2	1	3	15	7	3	7	1	5
2	1	3	4	4	2	14	9	12	8	0	0
4	2	1	3	1	2	15	7	5	4	1	6
2	4	1	3	4	3	14	12	13	4	0	4
4	2	3	2	1	3	15	7	5	3	1	0
4	3	1	3	2	1	15	7	3	7	2	0
4	2	3	1	3	2	15	7	5	1	0	0
4	1	2	3	3	1	15	7	6	4	7	3
4	3	1	2	1	3	15	7	3	2	1	4
2	4	3	1	4	2	14	8	0	1	0	0
4	1	3	2	3	1	15	7	6	2	5	1
1	3	4	2	4	1	9	14	8	2	0	0
4	2	1	3	1	2	15	7	5	4	7	0
2	4	3	3	4	1	14	12	4	0	8	1
2	3	4	1	4	3	14	12	8	9	12	4
2	3	4	1	3	4	14	12	8	9	0	8
2	3	1	3	4	4	14	12	9	12	8	0
4	1	2	3	2	1	15	7	6	4	6	1
4	1	3	2	2	1	15	7	6	2	3	0
2	3	4	3	1	4	14	12	8	0	9	8
4	2	1	3	4	1	15	7	5	4	0	0
4	2	3	1	3	1	15	7	5	1	0	1
4	1	3	2	3	2	15	7	6	2	4	2
4	3	3	1	2	2	15	7	7	3	2	3
2	3	4	1	4	3	14	12	8	0	8	0
4	2	2	3	1	3	15	7	7	5	1	4
1	3	2	4	4	2	9	12	10	8	0	0
4	3	2	1	2	3	15	7	3	1	2	4
4	1	3	1	2	3	15	7	6	3	2	4
2	3	4	1	3	4	14	12	8	5	0	8
2	4	1	3	3	4	14	12	5	4	12	8
2	3	4	4	1	3	14	12	8	9	5	0
4	1	2	3	2	3	15	7	6	4	2	4
4	3	3	1	2	2	15	7	7	3	2	0
4	2	3	3	1	1	15	7	5	7	1	0
1	2	4	3	4	2	9	10	8	0	0	0
4	3	2	1	1	3	15	7	3	1	3	0
4	3	2	1	3	2	15	7	3	1	6	3
2	3	3	4	1	4	14	12	12	8	0	8
2	4	3	1	4	3	14	8	5	0	0	0
4	1	3	2	1	3	15	7	6	2	3	4
4	2	1	3	1	3	15	7	5	4	3	6
4	3	1	3	2	2	15	7	3	6	2	0
4	3	1	1	2	2	15	7	3	3	2	0
4	3	2	1	1	2	15	7	3	1	0	2
4	2	1	3	2	3	15	7	5	4	2	0
4	1	2	3	3	2	15	7	6	4	4	3
2	1	4	3	4	2	14	9	8	4	0	0
4	3	1	2	2	1	15	7	3	2	7	0
4	1	3	1	2	3	15	7	6	7	2	4
2	3	4	1	4	3	14	12	8	1	0	4
2	3	3	4	4	1	14	12	12	8	9	1
2	3	4	4	1	3	14	12	8	12	5	0
2	4	3	3	1	4	14	12	4	5	1	0
2	4	1	3	3	4	14	12	13	4	4	0
4	2	3	1	3	1	15	7	5	1	4	1
4	2	1	3	4	2	15	7	5	4	0	0
4	2	3	2	1	1	15	7	5	3	1	5
2	3	3	4	4	1	14	12	13	8	8	0
4	1	3	3	2	2	15	7	6	7	2	0
4	2	1	3	4	3	15	7	5	4	0	0
2	4	3	3	1	4	14	12	4	13	9	0
4	3	2	1	3	4	15	7	3	1	0	0
2	3	4	3	2	4	14	12	8	0	0	0
4	1	2	2	3	3	15	7	6	7	4	5
2	4	3	4	3	1	14	12	4	13	0	0
4	2	3	1	3	1	15	7	5	1	5	0
4	3	1	3	2	1	15	7	3	6	2	1
2	4	1	3	4	1	14	8	5	0	0	0
2	3	1	4	3	4	14	12	9	8	0	0
2	4	4	3	1	3	14	12	12	4	5	0
4	2	3	1	2	3	15	7	5	1	0	5
1	3	4	2	4	1	9	12	8	0	0	0
4	2	3	1	3	2	15	7	5	1	5	3
4	2	1	3	2	3	15	7	5	4	0	5
2	4	3	3	4	1	14	12	4	5	8	0
2	3	4	3	4	1	14	12	8	0	9	1
2	4	3	1	4	3	14	12	4	13	8	4
2	1	4	3	4	1	14	13	8	0	0	0
4	2	1	1	2	3	15	7	5	5	6	4
4	2	3	1	1	3	15	7	5	1	7	4
2	1	3	4	2	4	14	13	12	8	0	0
4	1	2	3	2	1	15	7	6	4	6	0
2	4	3	3	1	4	14	12	4	4	0	0
4	2	3	3	1	1	15	7	5	5	1	3
4	1	3	2	1	3	15	7	6	2	7	4
4	2	3	1	1	2	15	7	5	1	7	0
4	2	3	1	3	1	15	7	5	1	4	3
4	3	3	1	1	2	15	7	7	3	3	2
2	4	3	4	3	1	14	12	4	8	4	0
4	3	1	1	2	3	15	7	3	3	2	0
4	1	3	2	1	2	15	7	6	2	5	6
2	4	3	1	3	4	14	12	4	9	12	8
4	1	2	3	1	2	15	7	6	4	3	6
4	1	3	2	1	2	15	7	6	2	1	2
4	2	3	3	1	2	15	7	5	7	1	2
4	1	2	3	3	1	15	7	6	4	6	1
4	2	1	3	3	1	15	7	5	4	7	3
2	4	3	1	4	3	14	12	4	1	12	0
4	1	3	2	1	3	15	7	6	2	5	6
2	4	3	4	1	3	14	12	4	9	1	4
4	1	3	2	3	2	15	7	6	2	0	3
4	1	3	2	2	3	15	7	6	2	3	4
2	4	3	4	1	3	14	12	4	0	1	0
4	1	3	1	2	2	15	7	6	3	2	0
4	2	1	3	2	3	15	7	5	4	7	4
4	2	3	2	1	1	15	7	5	3	1	1
2	3	4	3	4	1	14	12	8	4	8	0
2	3	4	3	4	1	14	12	8	5	0	0
2	4	3	3	1	4	14	12	4	13	0	8
1	2	3	4	4	2	9	10	12	8	0	0
4	2	1	3	2	3	15	7	5	4	0	0
4	3	1	2	3	1	15	7	3	2	7	3
4	1	2	3	3	1	15	7	6	4	0	1
2	3	4	4	1	3	14	12	8	0	0	4
2	4	3	1	4	3	14	12	4	9	12	4
2	3	4	1	3	4	14	12	8	1	0	8
4	3	2	1	1	2	15	7	3	1	1	0
2	3	4	3	4	1	14	12	8	12	8	0
2	3	3	4	4	1	14	12	13	8	0	0
4	3	1	2	3	2	15	7	3	2	7	0
4	2	3	1	3	2	15	7	5	1	5	0
2	4	1	3	4	3	14	12	5	4	8	4
4	2	1	3	3	1	15	7	5	4	7	1
2	1	4	3	3	4	14	13	12	4	0	8
2	4	3	1	4	3	14	12	4	9	8	4
2	3	4	3	1	4	14	12	8	5	1	8
2	3	4	3	4	1	14	12	8	12	9	0
2	3	3	4	1	4	14	12	12	8	9	0
2	4	3	1	3	4	14	12	4	1	12	0
2	4	3	4	1	3	14	12	4	0	0	0
2	3	4	1	4	3	14	12	8	5	12	4
2	3	4	3	1	4	14	12	8	4	1	0
2	4	3	4	3	1	14	12	4	0	4	1
4	1	3	2	3	2	15	7	6	2	6	3
2	3	4	1	2	4	14	12	8	1	0	0
2	3	4	4	1	3	14	12	8	9	0	4
2	4	3	3	4	1	14	12	4	5	8	1
4	2	1	3	1	4	15	7	5	4	0	0
4	2	2	3	1	3	15	7	7	5	1	0
2	3	1	4	4	1	14	12	9	8	0	0
2	4	3	4	3	1	14	12	4	13	5	1
4	2	3	1	1	3	15	7	5	1	5	4
2	4	3	4	3	1	14	12	4	8	0	0
4	1	3	2	3	1	15	7	6	2	0	3
2	3	4	4	1	3	14	12	8	13	0	4
4	1	3	1	2	2	15	7	6	7	2	2
4	2	1	2	3	3	15	7	5	7	4	5
4	2	3	1	1	3	15	7	5	1	1	0
2	4	3	2	3	1	14	12	4	0	0	0
2	4	3	1	4	1	14	8	4	0	0	0
4	1	3	3	2	2	15	7	6	6	2	0
4	1	3	2	2	3	15	7	6	2	0	4
2	3	4	4	3	1	14	12	8	13	0	1
4	2	1	3	3	4	15	7	5	4	0	0
4	2	1	3	1	2	15	7	5	4	5	2
4	3	1	2	2	3	15	7	3	2	7	4
4	1	1	2	3	2	15	7	7	6	4	0
4	1	1	3	3	2	15	7	7	6	6	2
1	4	2	3	4	3	9	8	0	0	0	0
2	4	4	3	3	1	14	12	12	4	0	1
2	4	1	3	3	2	14	12	5	4	4	0
4	2	1	3	1	3	15	7	5	4	7	4
2	3	4	4	3	1	14	12	8	12	0	1
2	4	3	4	1	3	14	12	4	0	0	4
2	4	3	4	3	1	14	12	4	8	5	1
4	3	1	2	3	2	15	7	3	2	7	3
4	1	2	3	2	1	15	7	6	4	2	1
2	3	4	4	3	2	14	12	8	0	0	0
4	2	3	2	1	3	15	7	5	3	1	4
4	1	3	2	1	2	15	7	6	2	0	6
2	4	4	3	3	1	14	12	13	4	4	0
4	3	3	1	2	1	15	7	7	3	2	0
4	3	3	1	2	2	15	7	7	3	2	2
4	2	2	1	3	1	15	7	7	5	4	1
1	4	3	2	4	2	9	8	0	0	0	0
2	3	3	4	1	4	14	12	12	8	9	8
4	2	3	3	2	1	15	7	5	7	3	1
2	3	4	4	1	3	14	12	8	8	1	0
2	1	3	4	4	1	14	9	12	8	0	0
2	3	4	3	4	1	14	12	8	13	0	0
2	4	1	3	4	1	14	8	1	0	0	0
2	3	3	4	4	1	14	12	12	8	0	0
2	3	3	4	1	4	14	12	13	8	9	0
4	2	1	3	1	3	15	7	5	4	0	6
2	3	4	3	4	1	14	12	8	12	8	1
4	2	1	3	3	2	15	7	5	4	7	3
2	4	3	1	4	3	14	12	4	13	0	4
2	3	4	3	1	4	14	12	8	0	1	0
4	1	2	3	3	2	15	7	6	4	7	2
2	3	4	1	2	3	14	12	8	1	0	0
4	1	2	2	3	3	15	7	6	6	4	4
4	3	1	2	2	3	15	7	3	2	0	4
2	3	4	4	1	3	14	12	8	8	0	0
4	3	2	1	1	3	15	7	3	1	0	4
4	1	2	3	1	4	15	7	6	4	0	0
4	3	2	2	1	3	15	7	3	7	1	0
2	3	4	4	3	1	14	12	8	8	0	0
4	3	1	1	2	2	15	7	3	7	2	6
4	3	1	2	3	2	15	7	3	2	6	3
2	4	4	3	1	3	14	12	13	4	1	0
2	3	1	4	3	4	14	12	13	8	12	0
2	3	4	4	1	3	14	12	8	9	0	0
2	4	3	3	1	4	14	12	4	12	9	0
4	3	1	2	1	2	15	7	3	2	7	2
2	4	3	3	1	4	14	12	4	5	0	8
4	2	1	3	2	3	15	7	5	4	7	0
2	4	1	3	4	1	14	8	5	4	0	0
2	3	1	4	4	3	14	12	9	8	12	0
2	4	3	4	3	1	14	12	4	13	0	1
4	2	3	1	2	1	15	7	5	1	7	5
4	2	3	1	2	3	15	7	5	1	0	4
2	3	4	3	4	1	14	12	8	5	0	1
2	4	3	4	3	1	14	12	4	9	0	0
4	1	3	2	2	4	15	7	6	2	0	0
4	2	1	1	3	2	15	7	5	5	4	0
2	4	3	3	1	4	14	12	4	12	0	0
4	1	2	1	3	2	15	7	6	5	4	0
4	2	3	3	1	2	15	7	5	5	1	2
2	3	4	1	4	1	14	12	8	0	0	0
2	1	4	3	4	3	14	13	12	4	0	4
2	3	4	3	4	1	14	12	8	13	8	1
2	3	4	3	4	1	14	12	8	0	8	1
2	3	4	4	3	1	14	12	8	0	5	1
4	1	3	2	2	3	15	7	6	2	2	5
4	3	1	2	3	1	15	7	3	2	7	0
2	3	1	4	4	2	14	12	9	8	0	0
4	3	1	1	2	2	15	7	3	7	2	2
4	3	2	1	2	3	15	7	3	1	7	4
4	2	1	3	1	3	15	7	5	4	5	0
4	3	3	2	1	1	15	7	7	3	1	3
4	1	3	2	2	1	15	7	6	2	7	5
4	1	3	2	2	1	15	7	6	2	7	0
4	3	1	2	2	1	15	7	3	2	3	1
4	3	1	2	3	2	15	7	3	2	0	0
4	3	2	1	3	1	15	7	3	1	6	0
4	3	2	1	1	3	15	7	3	1	1	0
4	1	3	2	2	3	15	7	6	2	3	0
4	1	3	3	2	1	15	7	6	6	2	0
4	1	1	2	3	3	15	7	7	6	4	4
2	3	3	4	1	4	14	12	13	8	1	0
4	1	3	2	2	1	15	7	6	2	0	1
4	3	1	3	1	2	15	7	3	6	3	2
4	2	3	2	1	1	15	7	5	7	1	5
4	1	3	1	2	2	15	7	6	7	2	0
2	3	4	4	3	1	14	12	8	0	5	0
4	3	1	2	2	3	15	7	3	2	2	4
2	3	3	4	4	1	14	12	13	8	8	1
2	3	4	3	4	1	14	12	8	0	0	0
4	1	2	3	1	3	15	7	6	4	1	6
2	4	3	1	4	1	14	8	0	0	0	0
4	3	1	1	2	3	15	7	3	7	2	4
2	3	4	1	4	3	14	12	8	13	0	0
2	3	1	4	4	3	14	12	9	8	12	4
4	2	1	3	1	3	15	7	5	4	5	6
4	2	3	1	2	1	15	7	5	1	6	1
1	3	4	2	4	1	9	12	8	2	0	0
2	3	4	3	4	1	14	12	8	4	9	1
4	3	3	2	1	1	15	7	7	3	1	1
4	1	2	3	1	3	15	7	6	4	3	6
2	3	4	1	4	1	14	12	8	1	0	0
4	1	2	3	2	3	15	7	6	4	3	5
4	2	3	1	1	3	15	7	5	1	1	6
2	3	4	1	4	3	14	12	8	9	12	0
2	4	1	3	4	3	14	8	1	0	0	0
4	2	3	1	2	1	15	7	5	1	2	0
2	4	1	3	3	1	14	12	5	4	4	0
4	2	1	3	2	3	15	7	5	4	3	0
2	3	4	1	4	3	14	12	8	5	0	0
4	1	3	2	2	3	15	7	6	2	0	5
2	3	4	1	4	3	14	12	8	1	12	0
2	3	4	1	3	4	14	12	8	9	12	8
2	3	4	4	1	2	14	12	8	0	0	0
4	2	1	3	3	1	15	7	5	4	4	0
4	1	2	3	1	3	15	7	6	4	0	6
2	3	4	1	3	4	14	12	8	0	0	8
4	1	3	2	3	1	15	7	6	2	6	1
2	3	4	4	3	1	14	12	8	0	0	1
4	1	2	3	2	3	15	7	6	4	0	0
1	3	2	4	4	3	9	12	10	8	0	0
4	3	2	1	3	2	15	7	3	1	6	0
4	1	3	3	2	1	15	7	6	6	2	3
2	4	1	3	3	2	14	12	5	4	0	0
4	1	2	3	1	2	15	7	6	4	3	2
2	1	4	3	3	4	14	13	12	4	12	0
4	1	3	2	3	1	15	7	6	2	0	1
4	1	3	2	1	3	15	7	6	2	3	0
4	3	2	1	3	1	15	7	3	1	5	1
2	3	4	1	4	3	14	12	8	1	8	0
4	3	1	2	2	1	15	7	3	2	7	1
4	2	1	3	3	1	15	7	5	4	4	1
2	4	3	1	3	4	14	12	4	5	4	8
4	2	3	1	1	3	15	7	5	1	0	0
4	2	1	3	3	2	15	7	5	4	4	3
2	4	3	1	4	3	14	12	4	1	12	4
4	1	2	2	3	1	15	7	6	7	4	0
1	2	4	3	4	3	9	10	8	4	0	0
4	2	1	3	3	1	15	7	5	4	0	1
2	1	3	4	3	4	14	13	12	8	0	0
2	4	3	4	1	3	14	12	4	13	5	4
4	1	3	1	3	2	15	7	6	7	6	2
4	2	1	3	2	3	15	7	5	4	7	5
1	2	4	3	4	1	9	14	8	0	0	0
4	1	2	3	2	3	15	7	6	4	3	0
4	3	2	1	1	3	15	7	3	1	5	0
4	3	1	2	1	2	15	7	3	2	0	0
4	1	1	2	2	3	15	7	7	6	6	4
4	1	2	3	1	2	15	7	6	4	5	0
4	2	1	3	3	2	15	7	5	4	0	0
4	2	1	1	3	2	15	7	5	7	4	2
2	4	1	3	4	1	14	8	0	0	0	0
4	1	2	1	3	2	15	7	6	7	4	2
2	3	1	4	4	3	14	12	13	8	12	4
4	2	3	2	1	1	15	7	5	7	1	1
4	3	2	1	2	1	15	7	3	1	3	0
1	3	4	2	4	3	9	14	8	2	0	0
2	3	4	1	4	2	14	12	8	1	0	0
4	2	1	2	1	3	15	7	5	6	5	4
4	1	1	3	2	3	15	7	7	6	2	4
4	2	3	1	1	3	15	7	5	1	3	0
2	3	4	3	1	4	14	12	8	5	0	0
2	4	3	2	3	4	14	12	4	0	0	0
2	4	4	3	3	1	14	12	12	4	5	1
2	1	3	4	4	3	14	13	12	8	0	4
4	3	2	1	1	2	15	7	3	1	5	0
4	3	1	2	2	3	15	7	3	2	7	0
4	3	1	2	2	3	15	7	3	2	2	0
2	4	3	3	4	1	14	12	4	4	8	1
2	3	4	1	3	4	14	12	8	0	12	8
4	3	1	2	2	1	15	7	3	2	7	5
4	1	3	3	1	2	15	7	6	6	3	2
4	2	1	3	2	1	15	7	5	4	6	1
4	2	1	3	3	2	15	7	5	4	5	0
2	4	3	3	1	4	14	12	4	5	9	8
4	3	2	1	1	3	15	7	3	1	7	0
2	3	4	1	3	4	14	12	8	1	4	8
2	4	3	3	4	1	14	12	4	12	8	1
4	2	3	1	1	2	15	7	5	1	1	0
4	2	3	1	4	3	15	7	5	1	0	0
4	3	2	3	1	1	15	7	3	5	1	0
4	2	1	3	2	3	15	7	5	4	2	5
4	2	3	2	3	1	15	7	5	7	5	1
2	3	4	4	1	3	14	12	8	8	0	4
4	3	2	1	2	1	15	7	3	1	0	0
4	2	3	2	1	1	15	7	5	7	1	0
2	3	1	4	4	3	14	12	13	8	12	0
4	1	2	3	3	1	15	7	6	4	0	0
2	4	3	1	4	3	14	12	4	0	12	0
4	3	2	1	3	2	15	7	3	1	0	3
4	1	2	1	3	2	15	7	6	7	4	0
2	3	1	4	2	4	14	12	9	8	0	0
2	4	3	3	4	1	14	12	4	13	8	0
4	3	2	1	1	3	15	7	3	1	3	6
2	4	4	3	3	1	14	12	13	4	0	0
4	1	2	1	2	3	15	7	6	5	6	4
4	1	3	1	2	2	15	7	6	3	2	2
2	3	4	4	2	3	14	12	8	0	0	0
4	1	2	3	3	1	15	7	6	4	0	3
1	2	3	4	4	3	9	10	12	8	0	0
4	2	1	1	2	3	15	7	5	7	6	4
4	2	3	1	2	1	15	7	5	1	7	1
4	3	2	3	1	2	15	7	3	5	1	2
4	3	1	2	3	1	15	7	3	2	5	3
2	4	4	3	3	1	14	12	12	4	5	0
2	3	4	4	1	3	14	12	8	13	0	0
2	3	4	3	1	4	14	12	8	12	0	8
4	1	2	3	4	1	15	7	6	4	0	0
4	2	3	1	2	4	15	7	5	1	0	0
2	4	3	4	3	1	14	12	4	0	4	0
2	3	4	3	4	1	14	12	8	0	9	0
4	2	1	3	1	3	15	7	5	4	7	6
4	3	1	2	1	3	15	7	3	2	5	6
4	3	2	1	3	1	15	7	3	1	4	0
2	4	3	3	4	1	14	12	4	5	0	0
2	4	1	3	4	3	14	12	5	4	12	0
4	3	2	1	3	2	15	7	3	1	0	0
4	3	2	3	1	1	15	7	3	5	1	1
4	3	1	2	1	2	15	7	3	2	5	0
2	4	3	3	1	4	14	12	4	0	9	8
4	1	3	2	3	2	15	7	6	2	5	3
4	3	3	2	1	2	15	7	7	3	1	0
4	2	3	1	3	1	15	7	5	1	0	3
2	1	3	4	4	2	14	13	12	8	0	0
2	4	3	3	4	1	14	12	4	13	9	1
4	3	1	3	2	2	15	7	3	7	2	3
4	1	3	2	2	1	15	7	6	2	7	1
4	3	2	1	1	3	15	7	3	1	7	6
2	4	3	4	3	1	14	12	4	8	5	0
2	4	3	3	4	1	14	12	4	0	8	0
4	3	1	2	3	1	15	7	3	2	4	1
1	3	4	2	4	3	9	14	8	0	0	0
4	3	2	2	1	1	15	7	3	3	1	5
4	2	1	1	3	3	15	7	5	7	4	6
4	2	1	3	1	2	15	7	5	4	1	0
2	4	3	4	1	3	14	12	4	12	5	4
1	3	2	4	4	2	9	14	10	8	0	0
2	3	4	4	3	1	14	12	8	12	4	1
2	4	3	1	3	4	14	12	4	13	12	8
4	3	2	1	4	1	15	7	3	1	0	0
4	2	3	1	1	3	15	7	5	1	0	6
4	1	3	2	2	3	15	7	6	2	7	4
4	2	1	3	3	2	15	7	5	4	6	2
4	2	3	1	1	2	15	7	5	1	5	2
4	1	3	2	1	2	15	7	6	2	3	2
4	3	1	2	3	2	15	7	3	2	5	0
4	3	1	2	1	2	15	7	3	2	7	6
2	4	1	4	3	3	14	12	5	12	4	4
2	4	3	4	1	3	14	12	4	12	1	4
2	3	3	4	1	4	14	12	13	8	1	8
4	1	3	2	2	1	15	7	6	2	6	0
2	3	4	3	1	2	14	12	8	0	0	0
2	4	3	3	4	1	14	12	4	4	0	0
2	3	4	1	3	4	14	12	8	13	4	8
4	2	1	3	3	1	15	7	5	4	4	3
2	4	3	3	4	1	14	12	4	13	0	1
4	3	2	1	1	2	15	7	3	1	3	2
2	4	3	3	4	1	14	12	4	12	8	0
4	2	3	1	3	2	15	7	5	1	7	3
4	1	3	3	1	2	15	7	6	7	3	2
4	2	3	1	2	3	15	7	5	1	3	0
1	4	2	3	4	3	9	8	2	0	0	0
2	3	1	3	4	4	14	12	9	12	8	8
2	4	3	1	4	3	14	12	4	5	0	0
2	3	4	1	3	4	14	12	8	0	12	0
2	3	4	4	1	3	14	12	8	13	1	4
2	4	3	3	1	4	14	12	4	13	1	8
2	3	4	4	3	1	14	12	8	9	5	1
2	4	3	2	4	3	14	12	4	0	0	0
4	1	3	3	2	1	15	7	6	7	2	3
4	3	3	2	1	1	15	7	7	3	1	0
4	2	3	1	1	2	15	7	5	1	0	2
2	4	3	3	1	4	14	12	4	13	0	0
2	3	4	3	4	1	14	12	8	4	9	0
4	2	3	1	3	2	15	7	5	1	4	0
2	3	4	3	1	4	14	12	8	0	0	0
2	4	3	4	1	3	14	12	4	8	0	4
1	2	4	3	4	2	9	14	8	4	0	0
2	3	4	3	4	1	14	12	8	5	9	1
4	3	2	1	2	1	15	7	3	1	6	5
4	2	1	2	1	3	15	7	5	7	5	4
4	1	2	3	3	1	15	7	6	4	4	3
4	1	2	3	3	2	15	7	6	4	6	0
4	1	3	2	2	1	15	7	6	2	2	1
4	2	1	3	1	2	15	7	5	4	1	2
2	4	3	4	1	3	14	12	4	13	0	4
2	1	3	4	4	3	14	13	12	8	0	0
4	1	2	3	1	3	15	7	6	4	5	0
2	3	4	1	4	3	14	12	8	5	0	4
4	1	3	2	2	3	15	7	6	2	2	4
4	1	2	2	3	1	15	7	6	6	4	5
4	1	3	2	3	2	15	7	6	2	4	3
2	3	1	4	4	3	14	12	9	8	0	4
2	3	4	1	3	4	14	12	8	1	4	0
4	3	1	2	3	1	15	7	3	2	6	0
4	1	3	2	1	2	15	7	6	2	1	0
2	4	3	1	4	3	14	12	4	1	8	4
4	2	1	3	3	1	15	7	5	4	0	3
4	3	1	1	2	3	15	7	3	7	2	6
2	4	3	1	3	2	14	12	4	0	0	0
4	3	2	1	3	2	15	7	3	1	4	2
2	3	4	4	1	3	14	12	8	8	5	4
4	3	2	2	1	3	15	7	3	3	1	4
4	2	2	1	1	3	15	7	7	5	5	4
2	4	3	3	4	1	14	12	4	13	8	1
1	4	2	3	4	2	9	8	2	0	0	0
4	2	3	1	2	1	15	7	5	1	7	0
4	2	1	3	1	3	15	7	5	4	7	0
2	3	4	1	4	3	14	12	8	0	0	4
4	3	2	1	2	3	15	7	3	1	7	0
2	4	3	1	4	1	14	8	4	1	0	0
4	2	3	2	3	1	15	7	5	3	5	1
4	3	1	3	2	2	15	7	3	7	2	0
2	1	4	3	3	2	14	13	12	4	0	0
2	4	3	1	3	4	14	12	4	5	12	0
4	1	2	3	1	2	15	7	6	4	1	2
4	1	3	2	4	3	15	7	6	2	0	0
2	4	4	3	1	3	14	12	13	4	1	4
4	1	3	2	1	4	15	7	6	2	0	0
2	4	3	3	4	1	14	12	4	4	9	1
2	4	1	3	3	4	14	12	13	4	0	0
2	3	3	4	4	1	14	12	12	8	8	1
2	3	4	1	4	2	14	12	8	0	0	0
4	2	3	1	2	3	15	7	5	1	2	4
4	2	1	2	3	1	15	7	5	6	4	1
4	3	1	2	4	3	15	7	3	2	0	0
4	3	2	1	2	1	15	7	3	1	3	5
2	3	3	4	1	4	14	12	12	8	1	8
1	4	2	3	4	1	9	8	6	4	0	0
2	3	4	4	3	1	14	12	8	0	4	1
2	4	1	3	4	3	14	12	5	4	12	4
4	1	3	2	3	1	15	7	6	2	7	0
2	3	1	4	2	3	14	12	9	8	0	0
4	3	1	3	2	1	15	7	3	6	2	0
2	4	3	4	1	2	14	8	4	0	0	0
2	3	3	4	4	1	14	12	13	8	9	1
4	1	1	2	3	3	15	7	7	6	4	6
1	3	2	4	4	1	9	12	10	8	0	0
4	3	2	1	1	4	15	7	3	1	0	0
2	4	3	1	3	4	14	12	4	9	4	0
4	3	1	2	1	3	15	7	3	2	3	0
4	1	2	1	3	3	15	7	6	5	4	4
2	4	3	3	1	4	14	12	4	4	1	8
4	2	3	1	1	3	15	7	5	1	3	4
4	2	3	1	3	1	15	7	5	1	5	1
2	4	3	3	2	4	14	12	4	0	0	0
4	1	2	3	1	3	15	7	6	4	3	0
2	3	4	3	4	1	14	12	8	5	8	0
2	3	4	1	4	2	14	13	8	1	0	0
4	1	2	1	3	2	15	7	6	5	4	6
4	3	2	1	2	3	15	7	3	1	0	0
4	1	2	2	1	3	15	7	6	7	5	4
4	1	3	2	1	2	15	7	6	2	3	6
2	4	3	1	3	4	14	12	4	9	0	8
4	3	1	2	2	3	15	7	3	2	0	0
4	3	1	2	3	1	15	7	3	2	0	3
4	3	1	2	4	1	15	7	3	2	0	0
2	4	3	1	4	3	14	12	4	13	12	0
2	4	3	3	1	4	14	12	4	0	0	0
2	4	1	3	4	1	14	8	1	4	0	0
2	4	3	4	1	3	14	12	4	13	5	0
4	1	3	2	1	3	15	7	6	2	1	6
2	3	4	3	4	1	14	12	8	12	0	0
4	2	3	1	2	3	15	7	5	1	3	4
4	2	3	1	2	3	15	7	5	1	6	4
4	1	2	3	3	1	15	7	6	4	5	3
2	3	4	3	4	1	14	12	8	5	8	1
4	2	1	3	3	2	15	7	5	4	5	3
4	3	1	3	2	2	15	7	3	7	2	2
2	4	3	3	1	4	14	12	4	0	0	8
4	2	3	1	2	1	15	7	5	1	3	5
4	3	1	2	3	1	15	7	3	2	4	3
2	3	4	3	2	1	14	12	8	0	0	0
4	2	3	2	1	3	15	7	5	7	1	4
4	3	2	1	2	3	15	7	3	1	7	5
4	2	1	3	2	3	15	7	5	4	6	0
2	4	3	1	4	3	14	12	4	0	8	0
2	3	3	4	4	1	14	12	12	8	8	0
4	2	3	1	3	1	15	7	5	1	5	3
1	4	2	3	4	2	9	8	0	0	0	0
1	2	4	3	4	1	9	14	8	4	0	0
4	2	1	3	1	2	15	7	5	4	3	0
2	1	4	3	4	3	14	9	8	0	0	0
4	1	2	3	1	2	15	7	6	4	0	2
2	4	3	1	3	4	14	12	4	1	0	0
2	4	1	3	3	4	14	12	13	4	0	8
1	4	2	3	4	1	9	8	0	0	0	0
4	1	2	3	2	1	15	7	6	4	3	0
4	2	1	3	1	2	15	7	5	4	0	0
4	3	2	1	1	3	15	7	3	1	5	6
2	3	4	3	1	4	14	12	8	12	9	0
4	3	1	2	2	3	15	7	3	2	6	0
2	1	3	4	4	3	14	13	12	8	8	0
4	1	3	2	1	2	15	7	6	2	5	0
2	1	3	4	3	4	14	13	12	8	4	0
2	3	4	4	3	1	14	12	8	8	0	1
2	1	4	3	4	2	14	13	12	4	0	0
2	3	4	1	3	4	14	12	8	5	4	0
4	3	1	2	1	2	15	7	3	2	5	6
2	4	3	1	2	3	14	12	4	1	0	0
4	1	2	2	3	1	15	7	6	6	4	0
2	3	4	4	3	1	14	12	8	9	0	1
4	2	1	3	2	1	15	7	5	4	3	5
4	2	1	3	3	1	15	7	5	4	6	1
4	2	1	3	2	1	15	7	5	4	7	1
4	3	1	2	2	1	15	7	3	2	0	1
1	3	4	2	4	2	9	14	8	0	0	0
4	1	3	1	2	2	15	7	6	7	2	6
4	1	2	3	1	2	15	7	6	4	3	0
4	1	2	3	3	1	15	7	6	4	7	1
4	2	1	1	3	3	15	7	5	5	4	0
2	3	4	3	1	4	14	12	8	12	1	0
2	4	3	4	1	3	14	8	0	0	0	0
2	4	3	4	3	1	14	12	4	0	5	1
2	4	4	3	3	1	14	12	12	4	0	0
4	3	1	2	2	3	15	7	3	2	2	5
4	1	3	2	3	1	15	7	6	2	5	0
4	2	3	2	1	1	15	7	5	3	1	0
2	4	3	1	4	3	14	8	4	0	0	0
4	2	1	3	2	1	15	7	5	4	6	5
2	3	4	3	1	4	14	12	8	13	0	0
2	3	4	3	1	4	14	12	8	5	0	8
2	3	4	1	3	4	14	12	8	0	4	0
2	3	4	1	4	3	14	12	8	13	12	0
2	1	4	3	3	4	14	13	12	4	4	0
2	3	4	3	1	4	14	12	8	13	9	0
2	4	3	4	1	3	14	12	4	9	5	4
2	4	1	3	4	3	14	8	5	4	0	0
2	4	3	1	2	4	14	12	4	0	0	0
2	1	4	3	4	1	14	9	8	0	0	0
1	4	3	2	4	2	9	8	4	0	0	0
4	3	2	1	3	1	15	7	3	1	7	1
2	4	3	4	3	1	14	12	4	13	4	0
4	2	3	1	3	2	15	7	5	1	4	2
4	1	2	3	1	2	15	7	6	4	0	0
4	1	2	1	3	3	15	7	6	5	4	0
2	4	3	4	1	2	14	8	0	0	0	0
4	2	1	3	3	1	15	7	5	4	6	3
4	3	2	3	1	2	15	7	3	7	1	2
4	2	3	1	1	2	15	7	5	1	0	0
2	1	4	3	3	4	14	13	12	4	0	0
4	3	1	2	1	3	15	7	3	2	3	4
4	2	3	1	2	1	15	7	5	1	0	1
2	4	3	4	1	3	14	12	4	8	1	0
4	1	2	3	1	3	15	7	6	4	5	6
2	4	3	1	3	2	14	12	4	1	0	0
2	4	3	1	4	1	14	8	5	1	0	0
2	3	4	1	4	3	14	12	8	13	8	4
4	1	2	2	3	3	15	7	6	6	4	5
4	1	2	3	3	2	15	7	6	4	4	0
2	3	4	2	1	3	14	12	8	0	0	0
2	4	3	1	3	4	14	12	4	13	0	0
4	2	3	3	1	1	15	7	5	5	1	0
2	4	3	1	4	3	14	12	4	1	0	0
4	3	2	1	3	2	15	7	3	1	7	0
2	3	4	3	1	4	14	12	8	12	1	8
4	3	1	2	3	2	15	7	3	2	4	3
4	2	1	3	2	3	15	7	5	4	3	4
4	2	3	1	2	3	15	7	5	1	3	5
2	4	3	1	4	3	14	12	4	1	0	4
4	3	1	2	3	1	15	7	3	2	6	3
2	3	4	3	4	1	14	12	8	0	0	1
2	4	4	3	1	3	14	12	12	4	1	4
4	1	3	2	3	1	15	7	6	2	4	1
4	2	1	3	1	2	15	7	5	4	0	6
2	3	4	4	1	3	14	12	8	9	5	4
2	3	4	4	1	3	14	12	8	0	0	0
2	3	4	3	4	1	14	12	8	13	9	1
2	4	3	3	1	4	14	12	4	4	9	8
2	4	3	1	4	3	14	12	4	13	0	0
4	3	1	2	2	3	15	7	3	2	3	4
2	4	1	3	4	1	14	8	0	4	0	0
2	4	3	3	1	4	14	12	4	13	9	8
2	4	3	4	3	1	14	12	4	12	4	1
4	1	3	2	1	3	15	7	6	2	7	0
4	3	2	1	2	1	15	7	3	1	6	0
4	2	3	1	3	1	15	7	5	1	7	3
2	4	3	1	4	2	14	8	4	0	0	0
2	3	4	1	3	2	14	12	8	1	0	0
2	3	4	4	3	1	14	12	8	13	4	0
4	1	2	3	2	1	15	7	6	4	3	1
2	3	4	1	4	3	14	12	8	9	0	4
4	2	3	1	2	1	15	7	5	1	0	0
1	2	4	3	4	1	9	10	8	4	0	0
4	1	3	2	3	1	15	7	6	2	5	3
2	4	1	3	4	3	14	12	13	4	12	4
2	4	3	4	1	3	14	12	4	13	0	0
4	1	2	3	1	3	15	7	6	4	0	4
4	3	2	1	2	1	15	7	3	1	3	1
4	1	3	2	3	2	15	7	6	2	5	0
4	2	3	1	1	3	15	7	5	1	0	4
4	3	2	1	1	2	15	7	3	1	3	0
4	1	2	3	2	1	15	7	6	4	2	0
4	3	1	2	3	1	15	7	3	2	5	0
2	4	3	4	1	3	14	12	4	13	1	4
4	3	2	1	3	1	15	7	3	1	4	3
1	3	2	4	4	3	9	14	10	8	0	0
4	3	2	1	1	3	15	7	3	1	0	0
2	4	1	4	3	3	14	12	5	12	4	0
4	2	1	2	3	3	15	7	5	6	4	5
4	3	1	1	2	3	15	7	3	3	2	4
2	4	3	1	4	3	14	12	4	5	0	4
4	2	2	3	1	1	15	7	7	5	1	0
1	2	4	3	4	3	9	14	8	4	0	0
4	1	3	2	3	2	15	7	6	2	7	0
2	3	4	1	4	3	14	13	8	1	0	0
4	1	2	2	3	1	15	7	6	6	4	1
4	2	1	3	3	2	15	7	5	4	0	2
2	1	4	3	4	3	14	13	12	4	8	0
2	4	3	3	1	4	14	12	4	12	1	8
2	3	4	1	3	4	14	12	8	0	0	0
4	3	2	2	1	1	15	7	3	7	1	0
4	1	3	2	2	3	15	7	6	2	7	5
4	1	2	3	2	3	15	7	6	4	0	4
4	3	2	1	2	4	15	7	3	1	0	0
4	3	2	1	1	2	15	7	3	1	5	6
2	3	4	1	4	3	14	12	8	5	8	0
4	2	1	3	2	1	15	7	5	4	2	0
4	2	3	1	3	2	15	7	5	1	0	2
4	1	2	3	3	2	15	7	6	4	5	0
2	3	4	3	4	1	14	12	8	13	9	0
2	4	3	1	3	4	14	12	4	0	12	8
4	1	2	1	3	3	15	7	6	7	4	4
2	4	3	4	3	1	14	12	4	9	5	1
2	4	4	3	1	3	14	12	12	4	5	4
2	3	1	4	3	4	14	12	9	8	12	0
2	1	3	4	3	2	14	13	12	8	0	0
4	1	3	2	1	3	15	7	6	2	7	6
2	1	4	3	4	2	14	13	8	4	0	0
4	3	2	1	2	1	15	7	3	1	2	1
2	4	3	4	3	1	14	12	4	0	5	0
2	3	3	1	4	4	14	12	12	9	8	8
2	4	3	4	3	2	14	12	4	0	0	0
2	3	4	4	1	3	14	12	8	12	1	0
4	3	1	2	3	2	15	7	3	2	7	2
4	2	1	3	2	1	15	7	5	4	3	1
2	3	3	4	4	1	14	12	13	8	9	0
2	4	3	4	1	3	14	12	4	12	1	0
4	2	3	1	1	4	15	7	5	1	0	0
4	3	2	1	2	1	15	7	3	1	7	0
2	3	4	1	4	3	14	13	8	0	0	0
2	3	1	4	3	4	14	12	13	8	12	8
4	1	2	3	3	2	15	7	6	4	7	3
4	1	2	1	2	3	15	7	6	7	6	4
4	2	1	3	1	2	15	7	5	4	7	2
2	4	3	4	1	3	14	12	4	0	5	0
4	2	3	1	1	2	15	7	5	1	1	6
2	4	1	3	3	4	14	12	5	4	4	8
4	2	1	2	3	3	15	7	5	7	4	4
2	1	4	3	2	3	14	13	12	4	0	0
2	3	4	3	1	4	14	12	8	4	9	0
4	1	1	3	2	2	15	7	7	6	2	6
4	2	2	3	1	1	15	7	7	5	1	5
2	4	1	3	4	3	14	12	13	4	12	0
2	3	4	2	1	4	14	12	8	0	0	0
2	4	3	3	1	4	14	12	4	4	0	8
2	3	1	4	4	3	14	12	13	8	8	0
2	4	3	1	3	4	14	12	4	13	12	0
4	1	2	2	3	1	15	7	6	7	4	5
2	3	4	1	4	3	14	12	8	13	12	4
4	1	3	1	2	3	15	7	6	7	2	6
2	3	4	3	1	4	14	12	8	4	0	8
2	4	3	1	2	3	14	12	4	0	0	0
4	3	1	3	2	2	15	7	3	6	2	3
4	1	3	2	3	1	15	7	6	2	4	0
4	3	2	1	1	2	15	7	3	1	5	2
2	4	1	3	4	2	14	8	5	0	0	0
4	2	3	1	1	2	15	7	5	1	3	0
4	3	2	1	1	2	15	7	3	1	1	6
1	2	4	3	4	2	9	10	8	4	0	0
2	4	3	4	3	1	14	12	4	12	4	0
4	2	1	3	2	4	15	7	5	4	0	0
4	1	3	3	2	2	15	7	6	6	2	2
2	4	4	1	3	3	14	12	13	5	4	0
4	3	1	2	1	2	15	7	3	2	1	2
1	2	3	4	4	1	9	14	12	8	0	0
2	1	3	4	3	4	14	13	12	8	12	0
2	4	3	3	4	1	14	12	4	5	9	1
4	3	3	2	1	2	15	7	7	3	1	3
1	4	2	3	4	1	9	8	2	0	0	0
4	2	1	1	3	2	15	7	5	5	4	2
2	4	1	3	4	3	14	12	13	4	0	0
4	3	1	2	3	1	15	7	3	2	0	0
4	3	1	2	1	3	15	7	3	2	0	0
4	2	1	3	3	1	15	7	5	4	7	0
4	2	3	2	1	3	15	7	5	7	1	0
4	3	1	1	2	2	15	7	3	7	2	0
2	3	4	4	3	1	14	12	8	9	4	1
2	3	1	4	4	2	14	12	9	8	8	0
2	4	4	3	1	3	14	12	13	4	0	0
4	2	3	1	3	2	15	7	5	1	7	2
4	2	3	1	2	1	15	7	5	1	3	0
2	4	1	3	4	2	14	12	5	4	0	0
4	2	3	1	2	1	15	7	5	1	6	5
4	3	2	2	1	3	15	7	3	3	1	0
4	2	1	3	2	1	15	7	5	4	7	5
4	3	1	1	2	2	15	7	3	3	2	6
2	4	3	4	1	2	14	12	4	0	0	0
4	3	1	2	1	3	15	7	3	2	3	6
2	1	3	4	4	3	14	13	12	8	8	4
2	3	4	4	3	1	14	12	8	12	4	0
4	3	3	2	1	2	15	7	7	3	1	2
2	1	4	3	4	3	14	13	8	4	0	0
1	4	3	2	4	1	9	8	6	2	0	0
2	4	4	3	1	3	14	12	13	4	5	0
4	2	3	1	2	1	15	7	5	1	0	5
4	2	1	3	1	2	15	7	5	4	5	0
2	1	4	4	3	3	14	13	12	12	4	0
2	3	4	4	3	1	14	12	8	0	4	0
4	1	2	3	1	3	15	7	6	4	0	0
4	3	1	2	2	1	15	7	3	2	3	5
2	3	4	4	3	1	14	12	8	9	5	0
2	3	1	4	4	3	14	12	13	8	8	4
4	1	2	3	2	1	15	7	6	4	7	1
4	1	3	2	3	2	15	7	6	2	6	0
4	1	3	2	1	2	15	7	6	2	7	6
2	4	3	1	4	3	14	8	0	1	0	0
4	2	3	3	1	1	15	7	5	7	1	1
4	1	2	3	1	2	15	7	6	4	1	0
2	4	3	3	4	1	14	12	4	5	0	1
1	4	2	3	4	1	9	8	6	0	0	0
2	3	4	4	1	3	14	12	8	13	5	0
2	3	1	4	4	3	14	12	13	8	0	0
4	2	1	3	2	3	15	7	5	4	3	5
4	3	1	2	1	3	15	7	3	2	7	4
2	3	4	4	3	1	14	12	8	13	5	1
4	3	2	1	1	3	15	7	3	1	1	6
2	4	3	1	4	3	14	12	4	13	12	4
4	3	2	1	2	3	15	7	3	1	6	5
4	2	1	3	3	2	15	7	5	4	6	3
4	2	1	1	3	2	15	7	5	7	4	6
4	3	1	2	1	3	15	7	3	2	0	6
4	2	2	3	1	1	15	7	7	5	1	1
2	3	4	1	2	3	14	12	8	0	0	0
4	1	2	3	2	1	15	7	6	4	0	0
2	3	3	4	1	4	14	12	12	8	1	0
4	1	2	3	3	1	15	7	6	4	6	3
4	1	2	3	3	2	15	7	6	4	0	2
4	2	1	2	3	3	15	7	5	6	4	0
4	3	2	3	1	1	15	7	3	7	1	3
2	3	4	4	1	3	14	12	8	9	1	0
4	2	1	1	3	2	15	7	5	7	4	0
2	3	4	3	4	1	14	12	8	4	8	1
4	3	3	1	2	1	15	7	7	3	2	3
4	3	2	3	1	1	15	7	3	5	1	3
2	3	4	1	4	3	14	12	8	1	12	4
4	1	3	2	2	3	15	7	6	2	7	0
4	3	1	2	2	1	15	7	3	2	0	5
2	3	1	4	3	4	14	12	13	8	4	8
