1	3	4	2	3	4	15	14	10	2	12	0
1	3	4	2	4	2	15	14	10	2	14	2
1	4	2	3	4	2	15	14	6	4	14	2
1	4	2	3	4	2	13	8	2	0	0	0
1	3	3	4	2	4	15	14	14	10	2	8
1	4	2	3	3	4	13	12	6	4	4	0
1	4	2	3	2	3	15	14	6	4	14	12
1	3	2	4	2	4	15	14	10	8	6	8
1	2	4	3	4	2	13	14	8	4	0	0
1	2	3	4	3	2	15	14	12	8	0	10
1	4	3	4	2	2	15	14	6	10	2	2
1	3	2	4	4	2	15	14	10	8	0	6
1	4	2	3	3	2	15	14	6	4	0	10
1	3	4	2	2	3	15	14	10	2	6	4
1	4	3	2	2	3	15	14	6	2	0	12
1	4	3	2	4	3	15	14	6	2	10	0
1	2	3	2	4	4	15	14	12	14	8	0
1	4	2	2	3	4	15	14	6	6	4	8
1	2	4	3	3	4	15	14	12	4	0	0
1	4	2	3	4	3	15	8	0	0	0	0
1	4	2	3	4	1	15	8	2	0	0	0
1	3	2	4	4	2	15	14	10	8	8	0
1	2	4	3	4	3	15	14	12	4	12	0
1	2	3	4	2	4	15	14	12	8	0	8
1	2	4	3	3	2	15	14	12	4	0	2
1	2	3	4	3	2	15	14	12	8	6	10
1	4	3	3	2	2	15	14	6	6	2	10
1	2	3	4	2	3	15	14	12	8	6	12
1	2	3	3	2	4	15	14	12	12	10	8
1	4	3	2	3	2	15	14	6	2	12	0
1	4	3	2	4	3	13	8	6	2	0	0
1	2	3	4	2	4	15	14	12	8	14	8
1	3	4	2	2	4	15	14	10	2	2	12
1	2	4	3	3	4	13	14	12	4	12	8
1	2	3	4	2	3	15	14	12	8	14	0
1	4	3	2	2	4	15	14	6	2	6	0
1	2	4	4	3	3	13	14	12	12	4	4
1	4	3	2	4	3	15	8	0	0	0	0
1	3	2	4	2	3	15	14	10	8	10	0
1	2	4	3	2	3	15	14	12	4	6	4
1	2	4	3	4	2	15	14	12	4	14	6
1	2	3	4	4	3	15	14	12	8	10	0
1	2	3	4	3	4	13	14	12	8	12	0
1	2	4	3	3	1	15	14	12	4	0	0
1	4	3	2	2	4	15	14	6	2	2	0
1	2	4	3	3	2	15	14	12	4	14	10
1	2	3	4	4	1	15	10	12	8	0	0
1	3	2	4	2	4	15	14	10	8	10	0
1	4	2	3	4	3	15	14	6	4	14	4
1	4	3	2	3	2	15	14	6	2	4	0
1	4	2	3	3	2	15	14	6	4	6	0
1	4	2	3	4	3	15	14	6	4	8	6
1	3	4	2	2	3	15	14	10	2	2	12
1	3	2	4	2	3	15	14	10	8	14	0
1	3	2	4	2	3	15	14	10	8	14	4
1	2	4	3	4	1	15	14	8	0	0	0
1	3	2	4	2	4	15	14	10	8	0	12
1	4	3	2	3	4	15	14	6	2	6	8
1	3	4	2	2	1	15	14	10	2	0	0
1	2	3	4	4	3	15	14	12	8	0	0
1	3	2	4	4	3	15	14	10	8	10	6
1	4	3	2	3	4	15	12	4	0	0	0
1	2	3	4	2	3	15	14	12	8	10	12
1	2	4	3	2	4	15	14	12	4	2	8
1	3	4	2	4	3	15	14	10	2	8	6
1	3	2	4	3	2	15	14	10	8	12	10
1	3	2	4	4	2	15	14	10	8	12	0
1	3	2	4	2	3	15	14	10	8	2	0
1	4	3	2	4	2	15	14	6	2	14	6
1	4	3	3	2	2	15	14	6	14	2	10
1	4	3	2	4	1	15	8	4	0	0	0
1	4	3	4	2	2	15	14	6	14	2	6
1	4	3	4	2	2	15	14	6	14	2	0
1	3	2	4	2	3	15	14	10	8	0	12
1	3	4	2	3	4	15	14	10	2	6	10
1	4	2	3	3	4	15	14	6	4	12	8
1	2	3	4	2	4	15	14	12	8	14	0
1	3	4	3	4	2	15	14	10	6	10	2
1	3	2	4	2	4	15	14	10	8	14	8
1	4	3	2	3	2	15	14	6	2	12	2
1	3	4	2	4	3	15	14	8	2	0	0
1	2	3	4	4	3	13	14	12	8	12	4
1	3	2	4	3	4	15	14	10	8	6	0
1	2	3	4	3	4	15	14	12	8	14	0
1	2	3	4	3	2	15	14	12	8	0	0
1	2	3	4	3	4	15	14	12	8	12	0
1	2	4	3	4	3	15	14	12	4	10	6
1	3	4	2	3	4	15	14	10	2	14	0
1	4	2	3	2	3	15	14	6	4	10	4
1	2	4	3	3	2	15	14	12	4	6	10
1	4	2	3	4	2	15	14	6	4	12	0
1	3	4	2	3	4	13	12	8	2	0	0
1	4	2	3	4	2	15	14	6	4	0	0
1	2	3	3	4	4	13	14	12	12	8	8
1	4	4	2	3	3	15	14	14	6	4	4
1	2	3	4	3	4	15	14	12	8	6	0
1	2	4	3	3	2	15	14	12	4	0	0
1	4	3	2	4	2	13	8	0	0	0	0
1	2	4	3	2	4	15	14	12	4	0	12
1	3	2	4	1	3	15	14	10	8	0	0
1	3	4	4	2	3	15	14	10	14	2	0
1	2	4	3	4	3	13	14	12	4	8	4
1	2	4	3	2	4	15	14	12	4	2	0
1	4	3	2	4	2	15	14	6	2	10	2
1	4	3	3	2	4	15	14	6	6	2	0
1	3	2	3	4	4	15	14	10	14	8	8
1	4	3	2	4	3	13	8	0	2	0	0
1	4	3	4	3	2	15	14	6	10	6	2
1	2	3	3	4	4	15	14	12	14	8	8
1	4	3	2	3	4	15	14	6	2	14	8
1	3	2	4	3	4	13	12	10	8	0	0
1	3	4	2	4	3	15	14	10	2	0	4
1	4	3	4	2	3	15	14	6	10	2	4
1	2	4	3	2	3	15	14	12	4	2	0
1	4	2	3	2	4	15	14	6	4	14	8
1	2	3	2	4	4	15	14	12	14	8	12
1	3	4	2	3	2	15	14	10	2	12	0
1	4	2	3	2	4	15	14	6	4	2	8
1	4	3	2	4	3	15	14	6	2	8	6
1	2	3	4	2	4	15	14	12	8	0	12
1	4	3	2	3	4	15	14	6	2	12	8
1	4	2	3	2	4	15	14	6	4	0	0
1	3	4	2	4	1	13	12	8	0	0	0
1	3	4	2	4	3	15	12	8	0	0	0
1	2	4	3	2	3	15	14	12	4	10	4
1	2	3	2	4	3	15	14	12	14	8	0
1	4	3	2	4	1	15	8	0	2	0	0
1	4	3	3	2	4	15	14	6	14	2	10
1	4	2	3	3	4	15	14	6	4	0	10
1	4	3	2	2	3	15	14	6	2	10	12
1	4	4	2	3	3	15	14	14	6	4	6
1	2	3	4	4	2	15	14	12	8	10	0
1	3	4	2	4	1	15	14	8	2	0	0
1	3	4	3	2	2	15	14	10	14	2	10
1	3	4	2	2	3	15	14	10	2	0	4
1	4	2	4	3	3	15	14	6	14	4	6
1	2	3	3	4	2	15	14	12	14	8	2
1	3	4	2	3	4	15	14	10	2	4	8
1	4	3	2	3	2	15	14	6	2	14	2
1	2	2	3	3	4	15	14	14	12	12	8
1	3	4	2	3	2	15	14	10	2	4	10
1	2	3	4	2	3	15	14	12	8	10	0
1	4	3	2	4	3	13	12	4	2	0	0
1	2	3	4	4	1	13	14	12	8	0	0
1	3	2	4	3	4	15	14	10	8	6	10
1	4	2	3	2	3	15	14	6	4	2	0
1	4	2	3	4	2	15	8	2	4	0	0
1	2	4	3	3	2	15	14	12	4	0	10
1	4	2	3	2	4	15	14	6	4	6	12
1	2	4	3	4	1	15	10	8	0	0	0
1	4	2	3	4	3	15	8	6	4	0	0
1	2	4	2	3	4	15	14	12	14	4	12
1	3	4	2	4	2	15	14	10	2	14	0
1	4	3	2	3	2	15	14	6	2	4	2
1	3	2	4	4	3	15	14	10	8	12	0
1	4	2	3	4	2	13	8	0	4	0	0
1	4	2	3	4	3	15	14	6	4	8	4
1	4	2	2	3	3	15	14	6	14	4	0
1	3	4	2	4	3	13	12	8	2	0	0
1	3	2	3	4	2	15	14	10	12	8	0
1	2	4	4	3	2	15	14	12	14	4	6
1	3	2	4	4	2	15	14	10	8	14	0
1	4	2	3	4	2	15	8	0	0	0	0
1	4	3	2	3	4	15	14	6	2	4	8
1	3	2	3	4	2	15	14	10	12	8	10
1	3	4	4	2	3	15	14	10	10	2	4
1	2	3	3	2	4	15	14	12	14	10	8
1	4	3	2	2	3	15	14	6	2	0	0
1	4	3	2	2	3	15	14	6	2	2	0
1	3	4	2	4	2	13	14	8	2	0	0
1	2	3	4	4	2	15	14	12	8	10	6
1	2	3	4	3	2	15	14	12	8	14	10
1	4	4	2	3	3	15	14	14	6	4	0
1	4	2	3	3	4	15	14	6	4	0	8
1	4	3	2	3	4	15	14	6	2	12	0
1	2	4	3	3	2	15	14	12	4	14	2
1	3	2	4	4	3	15	14	10	8	0	0
1	2	3	4	2	3	15	14	12	8	2	12
1	2	4	4	3	3	15	14	12	12	4	0
1	2	3	4	4	3	15	14	12	8	8	6
1	3	2	4	4	3	15	14	10	8	14	6
1	4	2	3	3	4	15	14	6	4	4	10
1	4	2	3	2	3	15	14	6	4	10	12
1	3	4	2	2	3	15	14	10	2	0	0
1	2	2	4	4	3	15	14	14	12	12	4
1	3	4	2	3	4	15	14	10	2	14	8
1	2	4	3	4	1	13	10	8	0	0	0
1	2	4	2	3	3	15	14	12	14	4	0
1	3	2	4	3	2	15	14	10	8	0	0
1	3	4	4	3	2	15	14	10	14	6	2
1	4	3	2	2	3	15	14	6	2	6	12
1	4	3	2	4	3	15	12	4	0	0	0
1	4	3	2	4	3	15	14	6	2	12	0
1	3	4	2	2	3	15	14	10	2	0	12
1	4	4	3	2	3	15	14	14	6	2	0
1	2	3	4	4	2	15	14	12	8	14	2
1	3	2	4	2	3	15	14	10	8	2	4
1	2	4	3	3	4	15	14	12	4	6	0
1	3	4	2	2	3	15	14	10	2	2	4
1	3	4	3	2	2	15	14	10	6	2	2
1	3	2	3	4	4	15	14	10	14	8	0
1	2	3	4	4	2	15	14	12	8	0	0
1	2	4	3	2	4	15	14	12	4	10	8
1	2	4	4	3	3	15	14	12	14	4	4
1	4	3	2	2	4	15	14	6	2	10	12
1	4	3	2	4	2	13	8	6	2	0	0
1	4	3	2	1	4	15	14	6	2	0	0
1	4	3	2	2	3	15	14	6	2	14	4
1	3	2	4	3	2	15	14	10	8	14	2
1	4	4	3	2	3	15	14	14	6	2	6
1	3	3	4	2	2	15	14	14	10	2	0
1	3	4	2	3	1	15	14	10	2	0	0
1	2	3	4	3	2	15	14	12	8	4	2
1	4	2	3	4	3	13	8	0	0	0	0
1	4	2	3	4	1	15	8	0	4	0	0
1	2	3	4	4	2	13	10	12	8	0	0
1	3	2	4	2	4	15	14	10	8	2	12
1	2	4	2	3	4	15	14	12	6	4	12
1	2	4	4	3	2	15	14	12	12	4	6
1	2	3	4	3	4	13	14	12	8	0	8
1	2	3	3	4	4	15	14	12	14	8	0
1	2	4	3	4	3	15	14	12	4	14	4
1	2	3	3	4	2	15	14	12	14	8	10
1	2	4	3	3	2	15	14	12	4	4	10
1	4	2	3	4	1	15	8	0	0	0	0
1	3	3	2	2	4	15	14	14	10	10	8
1	4	2	3	1	2	15	14	6	4	0	0
1	2	3	4	1	4	15	14	12	8	0	0
1	2	4	2	3	3	15	14	12	6	4	0
1	3	4	2	4	2	15	14	10	2	0	0
1	3	4	2	4	2	15	14	10	2	10	6
1	4	3	2	2	4	15	14	6	2	6	12
1	3	4	2	4	2	15	14	10	2	10	0
1	2	4	3	1	2	15	14	12	4	0	0
1	2	4	3	3	4	15	14	12	4	12	10
1	4	3	2	2	3	15	14	6	2	6	0
1	3	4	2	4	3	15	14	10	2	10	4
1	2	4	3	4	2	13	14	8	0	0	0
1	3	2	2	4	4	15	14	10	14	8	12
1	2	4	3	2	3	15	14	12	4	6	12
1	2	3	4	2	4	15	14	12	8	0	0
1	4	2	2	3	4	15	14	6	14	4	0
1	4	2	3	4	1	13	8	0	0	0	0
1	2	3	4	4	2	15	14	12	8	0	6
1	2	3	4	1	3	15	14	12	8	0	0
1	4	2	3	4	2	15	14	6	4	14	6
1	3	4	2	3	2	15	14	10	2	6	0
1	2	3	4	2	3	15	14	12	8	0	0
1	2	4	3	3	2	15	14	12	4	12	10
1	2	3	3	4	2	15	14	12	12	8	2
1	3	2	2	4	3	15	14	10	10	8	0
1	4	3	2	2	3	15	14	6	2	0	4
1	2	4	3	4	3	13	14	8	4	0	0
1	3	4	3	2	2	15	14	10	14	2	2
1	2	3	4	4	3	15	14	12	8	10	4
1	2	4	4	3	2	15	14	12	14	4	0
1	3	2	4	3	2	15	14	10	8	4	0
1	3	2	4	4	3	15	14	10	8	12	4
1	2	2	4	3	4	15	14	14	12	4	8
1	4	2	3	4	2	15	14	6	4	10	6
1	3	4	2	4	3	15	14	10	2	14	6
1	4	2	3	3	2	13	12	6	4	4	0
1	4	2	3	2	4	15	14	6	4	6	8
1	4	2	3	3	2	15	14	6	4	12	0
1	3	3	4	2	2	15	14	14	10	2	2
1	3	4	2	4	3	15	14	10	2	12	0
1	2	3	3	4	2	15	14	12	12	8	10
1	4	2	3	4	2	15	14	6	4	0	6
1	4	2	3	4	2	15	8	6	4	0	0
1	2	3	4	4	2	15	10	12	8	0	0
1	3	3	2	4	4	15	14	14	10	8	8
1	4	2	3	3	2	15	14	6	4	6	10
1	2	3	4	4	3	15	10	12	8	0	0
1	2	4	3	4	2	15	14	12	4	12	6
1	3	2	4	2	4	15	14	10	8	2	8
1	4	2	3	4	3	15	14	6	4	0	0
1	3	4	2	4	3	15	14	10	2	0	6
1	2	3	4	3	2	15	14	12	8	12	2
1	3	2	4	4	2	15	14	10	8	0	0
1	3	4	2	3	2	15	14	10	2	14	10
1	2	3	4	3	2	15	14	12	8	12	10
1	4	2	2	3	4	15	14	6	6	4	0
1	3	2	4	3	4	15	14	10	8	4	10
1	4	2	4	3	2	15	14	6	12	4	6
1	2	4	3	4	3	15	10	8	4	0	0
1	4	3	2	4	2	15	14	6	2	8	0
1	2	4	3	4	3	13	14	8	0	0	0
1	2	4	3	3	2	15	14	12	4	4	0
1	3	2	4	4	3	15	14	10	8	12	6
1	4	2	4	3	3	15	14	6	12	4	4
1	2	4	3	2	3	15	14	12	4	10	12
1	4	2	3	4	3	15	12	6	4	0	0
1	2	4	3	4	2	15	14	12	4	8	0
1	4	2	3	2	3	15	14	6	4	0	12
1	3	2	2	4	4	15	14	10	10	8	0
1	2	3	4	4	3	13	14	12	8	0	0
1	3	4	2	4	2	15	14	10	2	14	6
1	4	2	3	4	3	13	8	2	0	0	0
1	3	3	2	4	4	15	14	14	10	8	10
1	4	3	2	2	3	15	14	6	2	2	12
1	4	3	2	4	3	13	8	6	0	0	0
1	2	4	3	4	2	13	10	8	0	0	0
1	3	4	2	2	4	15	14	10	2	6	12
1	4	3	2	4	1	13	8	6	2	0	0
1	4	3	2	4	3	13	8	0	0	0	0
1	4	3	3	2	2	15	14	6	6	2	0
1	3	2	4	4	3	13	12	10	8	8	0
1	4	3	2	2	3	15	14	6	2	6	4
1	2	3	4	3	2	15	14	12	8	6	2
1	3	2	4	3	2	15	14	10	8	6	10
1	4	2	3	3	4	15	14	6	4	12	0
1	4	3	2	4	3	15	8	4	0	0	0
1	2	4	2	3	4	15	14	12	14	4	8
1	2	3	4	3	2	15	14	12	8	14	0
1	2	3	4	4	2	15	14	12	8	14	0
1	3	4	2	4	2	15	14	10	2	10	2
1	2	4	3	3	2	15	14	12	4	6	2
1	3	2	4	2	3	15	14	10	8	10	12
1	3	2	4	4	2	13	12	10	8	0	0
1	2	4	3	3	4	15	14	12	4	12	0
1	3	3	2	4	2	15	14	14	10	8	10
1	3	4	2	4	2	15	14	10	2	8	2
1	4	2	3	4	3	15	14	6	4	10	0
1	3	4	2	4	2	15	14	10	2	0	6
1	2	3	2	4	3	15	14	12	10	8	12
1	2	4	3	4	3	15	14	12	4	12	6
1	3	4	2	2	3	15	14	10	2	6	0
1	2	4	3	4	3	15	14	12	4	8	4
1	3	2	3	4	4	15	14	10	12	8	8
1	2	4	3	4	3	15	10	8	0	0	0
1	3	3	2	4	2	15	14	14	10	8	0
1	4	2	3	4	3	15	14	6	4	10	4
1	2	4	3	4	3	13	10	8	4	0	0
1	2	4	3	2	4	15	14	12	4	2	12
1	2	3	4	4	3	13	14	12	8	8	4
1	4	3	2	4	3	15	14	6	2	12	6
1	4	2	3	4	1	13	8	6	0	0	0
1	4	3	2	1	2	15	14	6	2	0	0
1	3	2	4	4	3	15	12	10	8	0	0
1	2	4	3	4	1	15	14	12	4	0	0
1	2	4	3	4	2	15	10	8	4	0	0
1	3	4	4	2	2	15	14	10	10	2	6
1	4	4	3	2	3	15	14	14	6	2	4
1	3	2	4	4	2	15	14	10	8	10	0
1	2	3	4	3	4	15	14	12	8	0	10
1	2	3	4	4	3	15	14	12	8	12	4
1	2	4	3	3	4	15	14	12	4	6	8
1	4	3	2	4	2	15	8	4	0	0	0
1	3	4	2	2	4	15	14	10	2	10	0
1	4	2	3	4	1	15	8	6	0	0	0
1	2	3	4	4	2	15	14	12	8	8	2
1	2	4	3	4	3	15	14	12	4	10	4
1	2	3	2	4	3	15	14	12	10	8	4
1	2	4	3	3	2	15	14	12	4	14	0
1	3	2	4	3	2	15	14	10	8	12	2
1	4	2	3	2	4	15	14	6	4	10	0
1	3	2	4	4	3	15	14	10	8	8	4
1	4	3	2	3	4	13	12	4	2	0	0
1	3	2	4	2	4	15	14	10	8	6	12
1	2	3	4	4	3	13	10	12	8	0	0
1	4	2	3	2	4	15	14	6	4	14	0
1	2	3	4	3	2	15	14	12	8	0	2
1	2	4	4	3	3	13	14	12	12	4	0
1	4	2	3	2	3	15	14	6	4	2	4
1	3	4	2	2	4	15	14	10	2	14	12
1	2	4	3	4	2	15	14	12	4	10	2
1	4	2	3	2	3	15	14	6	4	6	4
1	2	3	4	3	4	13	14	12	8	4	0
1	3	2	4	2	4	15	14	10	8	0	8
1	3	2	4	3	2	15	14	10	8	4	10
1	4	3	2	2	3	15	14	6	2	14	0
1	3	2	4	4	2	15	14	10	8	14	2
1	3	4	2	4	2	15	14	10	2	12	2
1	4	2	3	3	4	15	12	6	4	0	0
1	2	2	3	4	4	15	14	14	12	8	12
1	3	4	2	3	4	15	14	10	2	0	0
1	2	4	3	3	4	13	14	12	4	0	0
1	2	4	3	4	2	15	14	12	4	14	0
1	4	2	3	3	2	15	14	6	4	14	0
1	4	3	2	4	2	15	14	6	2	10	0
1	4	3	2	4	1	15	14	6	2	0	0
1	2	4	3	2	3	15	14	12	4	0	4
1	2	4	2	3	3	15	14	12	14	4	4
1	2	3	4	2	1	15	14	12	8	0	0
1	2	3	4	2	4	15	14	12	8	10	0
1	3	4	2	4	3	15	14	8	0	0	0
1	4	2	3	2	4	15	14	6	4	0	12
1	4	2	3	4	3	15	14	6	4	12	0
1	3	2	4	3	2	15	14	10	8	14	0
1	2	3	2	4	4	15	14	12	10	8	12
1	4	2	2	3	4	15	14	6	6	4	12
1	2	4	4	3	3	15	14	12	12	4	4
1	2	3	4	4	3	15	14	12	8	10	6
1	2	4	3	4	2	15	14	12	4	14	2
1	3	4	2	4	1	15	14	10	2	0	0
1	3	4	2	4	3	15	14	10	2	0	0
1	4	2	3	2	3	15	14	6	4	14	0
1	2	3	3	4	4	15	14	12	12	8	0
1	4	3	2	3	2	15	14	6	2	6	2
1	2	2	4	3	3	15	14	14	12	4	12
1	2	4	3	1	3	15	14	12	4	0	0
1	4	3	2	4	3	15	8	4	2	0	0
1	2	4	2	3	3	15	14	12	6	4	4
1	4	3	3	2	2	15	14	6	14	2	2
1	2	4	3	2	3	15	14	12	4	0	12
1	3	4	2	2	3	15	14	10	2	14	4
1	4	4	2	3	2	15	14	14	6	4	2
1	4	3	2	4	3	15	14	6	2	10	4
1	2	4	3	3	4	13	14	12	4	4	0
1	4	3	2	4	2	13	8	0	2	0	0
1	2	4	3	2	3	15	14	12	4	14	12
1	4	3	2	4	2	15	14	6	2	14	0
1	2	4	3	4	1	13	14	8	4	0	0
1	4	2	2	3	3	15	14	6	14	4	4
1	3	3	4	2	4	15	14	14	10	2	0
1	4	3	2	4	2	15	8	0	0	0	0
1	4	3	2	2	4	15	14	6	2	2	12
1	4	3	2	4	2	15	14	6	2	0	6
1	4	3	3	4	2	15	14	6	14	10	2
1	3	2	4	4	3	13	14	10	8	0	0
1	4	2	3	3	2	15	14	6	4	0	0
1	2	4	3	4	3	13	10	8	0	0	0
1	4	2	3	3	2	15	14	6	4	6	2
1	2	3	4	2	4	15	14	12	8	10	8
1	3	2	4	4	1	15	14	10	8	0	0
1	3	2	4	4	3	15	14	10	8	8	0
1	3	2	4	4	3	15	14	10	8	10	4
1	4	3	2	4	2	15	8	0	2	0	0
1	4	3	4	2	3	15	14	6	14	2	4
1	4	3	2	3	4	15	12	4	2	0	0
1	3	2	3	4	2	15	14	10	14	8	0
1	2	3	4	3	4	15	14	12	8	6	8
1	3	4	2	2	4	15	14	10	2	0	12
1	2	4	3	4	2	15	14	12	4	8	2
1	3	4	2	2	4	15	14	10	2	14	0
1	2	4	3	2	4	15	14	12	4	0	8
1	4	2	3	4	1	13	8	2	4	0	0
1	4	3	2	3	4	15	14	6	2	4	0
1	3	4	2	4	1	15	12	8	0	0	0
1	2	3	4	4	2	15	14	12	8	12	0
1	2	3	4	2	4	15	14	12	8	2	8
1	2	4	3	4	3	13	14	12	4	12	4
1	2	3	4	2	3	15	14	12	8	6	4
1	3	4	2	2	4	15	14	10	2	10	8
1	4	3	2	3	4	15	14	6	2	4	10
1	4	3	2	3	2	15	14	6	2	6	0
1	4	2	4	3	3	15	14	6	14	4	4
1	4	2	3	2	4	15	14	6	4	2	12
1	4	2	3	3	4	15	14	6	4	6	10
1	4	2	4	3	3	15	14	6	12	4	0
1	4	2	4	3	2	15	14	6	14	4	0
1	2	4	3	2	4	15	14	12	4	10	0
1	2	4	4	3	3	15	14	12	14	4	6
1	3	4	3	2	2	15	14	10	14	2	0
1	4	2	3	4	1	15	8	6	4	0	0
1	4	3	2	4	1	15	8	0	0	0	0
1	4	2	3	3	4	15	14	6	4	6	8
1	3	4	2	4	2	15	14	10	2	8	0
1	3	2	3	4	2	15	14	10	14	8	2
1	2	4	3	4	3	13	14	12	4	0	0
1	4	2	3	4	2	15	8	0	4	0	0
1	4	2	3	2	4	15	14	6	4	14	12
1	4	2	4	3	2	15	14	6	14	4	6
1	4	3	2	4	1	15	8	6	2	0	0
1	4	3	2	4	3	13	8	4	0	0	0
1	2	3	4	2	4	15	14	12	8	6	8
1	2	3	4	2	4	15	14	12	8	10	12
1	4	2	3	4	3	15	14	6	4	12	4
1	4	2	3	4	2	15	14	6	4	0	2
1	4	2	3	4	3	13	8	6	4	0	0
1	4	2	3	4	3	13	8	6	0	0	0
1	4	3	2	2	4	15	14	6	2	14	8
1	4	2	3	2	4	15	14	6	4	6	0
1	4	3	3	2	2	15	14	6	6	2	2
1	2	4	3	4	3	15	14	8	4	0	0
1	4	3	3	2	4	15	14	6	6	2	8
1	4	3	3	2	4	15	14	6	14	2	8
1	3	2	4	4	1	15	12	10	8	0	0
1	3	4	2	4	2	13	14	8	0	0	0
1	3	4	2	4	3	13	14	8	2	0	0
1	4	2	3	4	2	15	8	2	0	0	0
1	3	2	4	3	2	15	14	10	8	12	0
1	2	3	4	3	4	15	14	12	8	6	10
1	4	3	3	2	4	15	14	6	14	2	0
1	2	3	4	4	3	15	14	12	8	8	0
1	2	4	3	3	4	13	14	12	4	12	0
1	3	2	4	4	2	15	12	10	8	8	0
1	3	2	2	4	4	15	14	10	14	8	8
1	3	2	4	4	2	15	14	10	8	0	2
1	2	3	4	2	3	15	14	12	8	10	4
1	4	2	4	3	2	15	14	6	12	4	0
1	4	2	2	3	4	15	14	6	14	4	12
1	4	3	2	4	1	13	8	4	0	0	0
1	4	2	3	3	4	15	12	6	4	4	0
1	4	2	4	2	3	15	14	6	14	6	4
1	4	2	3	4	3	15	14	6	4	10	6
1	3	4	4	2	3	15	14	10	14	2	6
1	3	2	4	4	2	15	14	10	8	8	6
1	4	3	2	4	3	15	14	6	2	0	6
1	2	4	3	4	2	15	14	12	4	12	0
1	4	3	2	4	3	15	8	6	2	0	0
1	2	4	3	3	4	15	14	12	4	14	0
1	4	2	3	4	3	15	14	6	4	14	6
1	3	2	4	2	3	15	14	10	8	2	12
1	3	4	2	3	2	15	14	10	2	0	0
1	2	3	4	2	3	15	14	12	8	0	4
1	2	4	3	3	4	13	14	12	4	0	8
1	4	3	2	4	3	15	14	6	2	0	0
1	2	3	4	4	3	15	14	12	8	14	4
1	2	4	3	4	2	15	10	8	0	0	0
1	2	3	4	4	1	15	14	12	8	0	0
1	3	4	3	2	4	15	14	10	14	2	8
1	3	2	4	2	3	15	14	10	8	0	0
1	2	3	4	4	3	15	14	12	8	8	4
1	3	3	4	2	4	15	14	14	10	2	10
1	3	3	2	4	2	15	14	14	10	8	2
1	2	4	3	3	4	15	14	12	4	6	10
1	3	2	4	4	2	13	14	10	8	0	0
1	3	2	2	4	3	15	14	10	14	8	4
1	2	4	3	2	1	15	14	12	4	0	0
1	4	3	2	2	4	15	14	6	2	0	0
1	4	3	2	4	3	15	14	6	2	14	4
1	2	4	3	4	3	15	14	12	4	0	4
1	4	3	4	2	2	15	14	6	10	2	6
1	2	4	3	3	2	15	14	12	4	6	0
1	4	2	3	4	1	13	8	6	4	0	0
1	3	4	2	2	4	15	14	10	2	10	12
1	4	3	2	4	2	15	8	6	2	0	0
1	4	3	2	4	3	15	8	0	2	0	0
1	2	4	3	4	2	15	14	12	4	0	2
1	3	2	4	3	1	15	14	10	8	0	0
1	4	3	2	4	2	13	8	6	0	0	0
1	4	2	3	4	3	15	14	6	4	14	0
1	4	3	2	2	3	15	14	6	2	10	0
1	4	3	2	4	3	13	12	4	0	0	0
1	4	3	2	4	2	15	8	6	0	0	0
1	4	2	3	2	3	15	14	6	4	2	12
1	3	4	3	2	4	15	14	10	14	2	0
1	4	3	2	3	4	15	14	6	2	6	10
1	4	3	2	2	3	15	14	6	2	2	4
1	2	3	4	4	3	13	14	12	8	8	0
1	3	2	4	2	4	15	14	10	8	0	0
1	2	3	2	4	4	15	14	12	10	8	8
1	4	3	2	4	3	15	12	4	2	0	0
1	2	3	4	4	3	15	14	12	8	14	6
1	4	3	2	4	2	15	14	6	2	8	2
1	3	2	2	4	4	15	14	10	10	8	8
1	3	2	3	2	4	15	14	10	14	10	8
1	3	2	2	4	4	15	14	10	10	8	12
1	4	2	3	4	2	13	8	0	0	0	0
1	2	4	2	3	4	15	14	12	6	4	8
1	3	4	2	4	1	15	14	8	0	0	0
1	2	4	2	3	3	15	14	12	6	4	12
1	3	4	4	2	2	15	14	10	14	2	6
1	4	3	4	2	2	15	14	6	14	2	2
1	4	2	3	3	2	15	14	6	4	4	2
1	3	2	2	4	3	15	14	10	10	8	4
1	2	4	3	3	4	15	14	12	4	14	10
1	3	3	4	2	2	15	14	14	10	2	10
1	2	4	3	2	4	15	14	12	4	6	8
1	3	2	3	4	2	15	14	10	14	8	10
1	3	4	3	2	4	15	14	10	6	2	10
1	2	3	3	4	2	15	14	12	12	8	0
1	3	4	2	2	3	15	14	10	2	10	0
1	3	2	4	2	4	15	14	10	8	10	8
1	3	2	4	3	2	15	14	10	8	14	10
1	4	3	2	2	1	15	14	6	2	0	0
1	4	4	3	3	2	15	14	14	6	6	2
1	2	3	4	4	3	15	14	12	8	12	0
1	3	2	4	2	3	15	14	10	8	6	12
1	3	4	2	2	4	15	14	10	2	2	8
1	4	3	2	4	1	13	8	4	2	0	0
1	4	2	3	4	3	15	8	6	0	0	0
1	3	4	2	3	2	15	14	10	2	4	2
1	2	4	4	3	2	15	14	12	14	4	2
1	3	4	3	4	2	15	14	10	14	10	2
1	3	2	4	3	4	15	14	10	8	4	8
1	3	2	4	3	4	15	14	10	8	12	0
1	2	3	2	4	4	15	14	12	14	8	8
1	2	2	4	3	3	15	14	14	12	4	0
1	2	3	4	4	2	15	14	12	8	12	2
1	3	4	2	3	4	15	14	10	2	4	0
1	4	3	2	3	1	15	14	6	2	0	0
1	3	4	3	2	4	15	14	10	14	2	10
1	3	2	4	3	4	15	14	10	8	12	10
1	4	2	3	4	2	15	8	6	0	0	0
1	4	3	2	2	3	15	14	6	2	14	12
1	4	2	3	3	2	15	14	6	4	4	0
1	3	4	2	2	3	15	14	10	2	14	0
1	3	2	4	3	4	15	14	10	8	6	8
1	4	2	3	3	2	15	14	6	4	0	2
1	2	4	3	2	4	15	14	12	4	14	12
1	3	3	2	4	4	15	14	14	10	8	0
1	3	2	4	2	4	15	14	10	8	10	12
1	3	4	2	2	4	15	14	10	2	6	8
1	4	2	3	3	2	15	14	6	4	14	2
1	3	2	4	2	3	15	14	10	8	10	4
1	4	3	2	4	1	13	8	0	2	0	0
1	3	2	4	2	4	15	14	10	8	2	0
1	4	2	3	4	3	15	14	6	4	12	6
1	2	4	3	4	2	15	14	12	4	10	0
1	2	3	4	4	2	15	14	12	8	10	2
1	3	2	3	2	4	15	14	10	12	10	8
1	3	4	4	2	3	15	14	10	10	2	0
1	4	2	3	3	2	15	14	6	4	4	10
1	4	3	2	2	4	15	14	6	2	14	0
1	2	3	4	2	3	15	14	12	8	0	12
1	2	3	2	3	4	15	14	12	14	12	8
1	2	4	3	3	4	15	14	12	4	14	8
1	3	2	4	4	2	15	14	10	8	10	2
1	4	3	2	4	2	15	14	6	2	14	2
1	2	4	3	4	3	15	14	8	0	0	0
1	2	3	4	3	4	13	14	12	8	0	0
1	4	3	2	4	1	13	8	0	0	0	0
1	3	2	4	3	4	15	14	10	8	12	8
1	4	2	3	4	1	13	8	0	4	0	0
1	2	3	4	3	2	15	14	12	8	4	0
1	4	2	3	2	4	15	14	6	4	2	0
1	3	2	4	4	3	15	12	10	8	8	0
1	4	3	2	4	2	15	14	6	2	12	0
1	2	3	4	3	4	15	14	12	8	4	8
1	4	3	4	2	3	15	14	6	14	2	0
1	2	3	4	3	4	15	14	12	8	14	10
1	2	3	4	4	2	13	14	12	8	0	0
1	4	2	3	4	2	15	14	6	4	10	0
1	2	4	4	3	3	15	14	12	12	4	6
1	4	3	2	2	4	15	14	6	2	10	8
1	2	3	2	4	3	15	14	12	14	8	12
1	2	3	4	3	2	15	14	12	8	14	2
1	3	4	2	3	4	15	14	10	2	6	8
1	3	2	4	3	4	15	14	10	8	14	10
1	3	4	4	2	3	15	14	10	14	2	4
1	3	4	2	1	4	15	14	10	2	0	0
1	2	3	4	2	3	15	14	12	8	14	4
1	3	4	2	3	4	15	12	8	2	0	0
1	3	4	2	4	3	15	14	10	2	12	6
1	3	2	4	4	3	15	14	10	8	14	4
1	4	3	2	4	3	15	14	6	2	0	4
1	3	2	4	2	1	15	14	10	8	0	0
1	4	3	2	4	3	15	14	6	2	12	4
1	2	3	4	1	2	15	14	12	8	0	0
1	3	4	2	4	3	15	14	10	2	14	0
1	3	2	2	4	3	15	14	10	10	8	12
1	2	3	4	3	4	15	14	12	8	4	0
1	3	4	3	2	4	15	14	10	6	2	0
1	3	4	3	2	2	15	14	10	6	2	10
1	3	4	2	4	2	15	14	10	2	12	6
1	4	3	2	2	4	15	14	6	2	10	0
1	2	4	3	2	3	15	14	12	4	2	4
1	4	3	3	4	2	15	14	6	6	10	2
1	3	2	4	2	3	15	14	10	8	6	0
1	4	2	3	4	3	15	8	2	0	0	0
1	4	2	2	4	3	15	14	6	14	12	4
1	2	4	3	4	2	15	14	12	4	12	2
1	4	3	2	3	4	15	14	6	2	14	10
1	2	4	3	2	4	15	14	12	4	14	0
1	2	4	2	3	4	15	14	12	6	4	0
1	2	4	3	3	4	15	14	12	4	4	0
1	3	2	4	2	3	15	14	10	8	14	12
1	2	3	2	4	3	15	14	12	10	8	0
1	3	2	4	2	4	15	14	10	8	6	0
1	4	4	3	2	2	15	14	14	6	2	2
1	3	2	4	4	2	15	14	10	8	8	2
1	2	4	2	4	3	15	14	12	14	12	4
1	4	3	2	3	4	15	14	6	2	14	0
1	2	4	3	4	2	15	14	8	4	0	0
1	3	4	2	2	3	15	14	10	2	2	0
1	4	3	2	3	2	15	14	6	2	4	10
1	4	2	3	4	3	13	8	2	4	0	0
1	4	2	3	4	2	15	14	6	4	8	6
1	4	2	3	3	4	15	14	6	4	14	8
1	4	3	2	4	3	15	14	6	2	10	6
1	3	2	3	4	4	15	14	10	12	8	10
1	3	4	4	2	3	15	14	10	10	2	6
1	2	3	4	2	3	15	14	12	8	2	4
1	3	2	4	3	2	15	14	10	8	4	2
1	4	2	3	4	2	13	8	6	0	0	0
1	2	4	3	2	4	15	14	12	4	10	12
1	4	2	3	4	2	15	14	6	4	8	0
1	4	2	3	4	3	15	14	6	4	0	6
1	4	2	3	3	4	15	14	6	4	0	0
1	3	4	2	2	3	15	14	10	2	6	12
1	2	3	2	4	4	15	14	12	10	8	0
1	2	4	3	4	2	15	14	8	0	0	0
1	4	3	4	3	2	15	14	6	14	6	2
1	4	2	3	2	4	15	14	6	4	0	8
1	2	4	3	3	2	15	14	12	4	12	2
1	4	4	2	3	2	15	14	14	6	4	0
1	3	2	4	1	2	15	14	10	8	0	0
1	3	2	4	4	1	13	12	10	8	0	0
1	4	2	2	3	4	15	14	6	14	4	8
1	4	3	2	4	1	13	8	6	0	0	0
1	3	4	2	3	2	15	14	10	2	0	10
1	2	3	3	4	2	15	14	12	14	8	0
1	4	3	2	2	4	15	14	6	2	14	12
1	2	3	3	4	4	15	14	12	12	8	10
1	2	4	2	3	4	15	14	12	14	4	0
1	2	3	4	4	2	15	14	12	8	8	0
1	4	3	2	3	4	15	14	6	2	0	8
1	4	3	2	4	2	15	14	6	2	0	2
1	3	4	2	3	4	15	14	10	2	12	10
1	4	2	3	2	3	15	14	6	4	0	4
1	3	4	2	4	2	15	14	10	2	0	2
1	3	4	2	4	3	15	14	10	2	10	0
1	4	2	4	3	2	15	14	6	14	4	2
1	2	3	3	4	4	15	14	12	14	8	10
1	4	2	3	2	3	15	14	6	4	10	0
1	3	4	2	3	4	15	14	10	2	14	10
1	3	4	2	4	1	15	12	8	2	0	0
1	4	4	2	3	2	15	14	14	6	4	6
1	3	4	2	2	3	15	14	10	2	10	4
1	4	2	2	3	3	15	14	6	6	4	12
1	4	3	2	2	4	15	14	6	2	6	8
1	2	4	4	2	3	15	14	12	14	6	4
1	4	3	2	3	2	15	14	6	2	6	10
1	2	3	3	4	4	15	14	12	12	8	8
1	2	3	4	4	3	13	14	12	8	0	4
1	4	3	2	4	2	15	14	6	2	10	6
1	2	3	4	4	3	13	14	12	8	12	0
1	3	2	4	4	3	15	14	10	8	14	0
1	3	2	4	4	2	15	14	10	8	14	6
1	3	4	4	2	2	15	14	10	10	2	2
1	4	3	2	4	3	15	14	6	2	8	4
1	4	4	3	2	2	15	14	14	6	2	0
1	3	4	2	4	3	15	14	10	2	8	0
1	2	4	3	4	3	13	14	12	4	8	0
1	4	3	2	2	4	15	14	6	2	2	8
1	4	2	3	4	3	15	8	2	4	0	0
1	2	3	4	4	2	15	14	12	8	8	6
1	4	3	2	3	4	15	14	6	2	0	10
1	3	4	4	2	2	15	14	10	10	2	0
1	2	4	3	3	4	15	14	12	4	0	10
1	4	2	3	3	2	15	14	6	4	12	10
1	4	3	2	4	3	15	14	6	2	14	0
1	2	3	2	4	3	15	14	12	14	8	4
1	4	2	3	4	2	15	14	6	4	8	2
1	4	3	2	4	1	15	8	4	2	0	0
1	2	4	2	4	3	15	14	12	6	12	4
1	4	3	2	2	3	15	14	6	2	10	4
1	3	2	4	3	4	15	12	10	8	0	0
1	3	2	3	4	4	15	14	10	14	8	10
1	4	3	2	3	4	15	14	6	2	6	0
1	3	4	4	2	2	15	14	10	14	2	0
1	2	4	3	3	4	13	14	12	4	4	8
1	4	4	2	2	3	15	14	14	6	6	4
1	3	4	2	4	3	15	14	10	2	12	4
1	4	3	2	3	4	15	14	6	2	12	10
1	3	4	2	4	2	13	12	8	2	0	0
1	3	2	4	3	4	15	14	10	8	0	0
1	4	2	3	4	2	15	14	6	4	12	6
1	4	4	3	2	2	15	14	14	6	2	6
1	3	4	2	4	1	13	12	8	2	0	0
1	4	2	3	2	3	15	14	6	4	0	0
1	4	2	3	2	1	15	14	6	4	0	0
1	3	2	4	4	3	15	14	10	8	8	6
1	3	4	2	2	3	15	14	10	2	14	12
1	4	3	4	2	3	15	14	6	10	2	6
1	4	2	3	3	4	13	12	6	4	0	0
1	2	3	4	3	1	15	14	12	8	0	0
1	3	2	4	4	1	13	14	10	8	0	0
1	2	3	2	3	4	15	14	12	10	12	8
1	3	4	2	4	2	15	14	10	2	8	6
1	4	2	3	3	4	15	14	6	4	14	0
1	3	2	4	3	2	15	14	10	8	6	0
1	4	3	2	4	2	15	14	6	2	0	0
1	2	4	3	4	2	15	14	12	4	10	6
1	4	3	2	4	1	15	8	6	0	0	0
1	4	2	3	4	2	13	8	6	4	0	0
1	2	3	4	2	4	15	14	12	8	6	0
1	4	3	2	3	4	13	12	4	0	0	0
1	3	4	2	4	3	15	12	8	2	0	0
1	4	3	4	2	2	15	14	6	10	2	0
1	2	4	3	4	1	13	10	8	4	0	0
1	3	2	4	2	4	15	14	10	8	14	0
1	3	2	2	3	4	15	14	10	10	12	8
1	4	2	3	4	3	15	14	6	4	8	0
1	3	4	2	1	3	15	14	10	2	0	0
1	3	4	2	3	2	15	14	10	2	0	2
1	3	4	4	3	2	15	14	10	10	6	2
1	2	4	4	3	3	15	14	12	14	4	0
1	4	3	2	4	2	15	14	6	2	12	2
1	3	4	2	4	2	15	14	8	2	0	0
1	3	2	3	4	4	15	14	10	12	8	0
1	2	3	4	2	3	15	14	12	8	2	0
1	2	3	4	4	3	15	14	12	8	0	4
1	3	4	2	3	4	15	14	10	2	6	0
1	3	2	4	4	3	13	12	10	8	0	0
1	4	2	3	3	4	15	14	6	4	4	8
1	2	3	4	3	4	15	14	12	8	0	8
1	4	2	4	3	2	15	14	6	12	4	2
1	2	4	3	4	3	15	14	12	4	14	0
1	3	3	4	4	2	15	14	14	10	10	2
1	3	2	4	2	4	15	14	10	8	14	12
1	3	4	2	4	1	13	14	8	2	0	0
1	2	3	3	4	4	13	14	12	12	8	0
1	2	4	3	4	2	15	14	12	4	0	0
1	4	2	2	3	3	15	14	6	6	4	0
1	4	3	4	2	3	15	14	6	10	2	0
1	3	4	2	4	3	13	12	8	0	0	0
1	3	2	4	3	4	15	14	10	8	0	8
1	4	2	3	2	4	15	14	6	4	10	12
1	3	4	2	4	2	15	14	10	2	12	0
1	4	2	3	3	1	15	14	6	4	0	0
1	4	3	2	4	2	13	8	4	2	0	0
1	2	3	4	3	4	13	14	12	8	4	8
1	2	3	4	3	4	15	14	12	8	14	8
1	2	2	3	4	4	15	14	14	12	8	8
1	3	4	2	2	4	15	14	10	2	0	0
1	4	2	3	2	3	15	14	6	4	6	12
1	2	4	3	4	3	15	14	12	4	10	0
1	4	2	3	4	3	13	12	6	4	0	0
1	4	3	2	4	3	15	14	6	2	14	6
1	3	2	4	3	4	15	14	10	8	0	10
1	2	4	3	4	3	13	14	12	4	0	4
1	4	2	4	3	3	15	14	6	12	4	6
1	3	2	4	4	3	15	14	10	8	0	6
1	3	4	2	2	4	15	14	10	2	6	0
1	2	3	4	2	3	15	14	12	8	6	0
1	2	4	3	1	4	15	14	12	4	0	0
1	3	4	2	4	2	15	14	8	0	0	0
1	4	2	3	2	3	15	14	6	4	14	4
1	2	3	4	2	4	15	14	12	8	2	0
1	2	3	4	2	4	15	14	12	8	6	12
1	2	3	4	4	3	15	14	12	8	12	6
1	3	2	4	1	4	15	14	10	8	0	0
1	2	3	4	3	2	15	14	12	8	6	0
1	3	2	4	4	2	15	14	10	8	12	6
1	3	2	2	4	3	15	14	10	14	8	0
1	2	4	3	2	3	15	14	12	4	14	0
1	2	4	3	4	3	15	14	12	4	14	6
1	3	2	4	4	2	15	14	10	8	12	2
1	2	4	4	3	2	15	14	12	12	4	0
1	4	2	3	4	3	13	8	0	4	0	0
1	3	2	4	4	2	15	12	10	8	0	0
1	2	2	3	4	3	15	14	14	12	8	12
1	4	2	3	4	1	15	14	6	4	0	0
1	4	3	2	4	2	15	8	4	2	0	0
1	3	2	4	2	3	15	14	10	8	0	4
1	4	3	2	1	3	15	14	6	2	0	0
1	2	3	4	2	4	15	14	12	8	14	12
1	2	3	4	3	4	13	14	12	8	12	8
1	2	4	3	4	2	13	10	8	4	0	0
1	2	4	3	4	3	15	14	12	4	8	0
1	3	2	4	4	3	15	14	10	8	0	4
1	3	4	2	1	2	15	14	10	2	0	0
1	3	2	2	3	4	15	14	10	14	12	8
1	4	2	3	2	4	15	14	6	4	10	8
1	2	4	4	2	3	15	14	12	12	6	4
1	2	4	3	2	4	15	14	12	4	0	0
1	4	2	3	4	2	13	8	2	4	0	0
1	2	4	3	4	3	15	14	12	4	0	6
1	3	4	3	2	4	15	14	10	6	2	8
1	4	3	3	2	4	15	14	6	6	2	10
1	3	2	4	3	4	15	14	10	8	14	8
1	2	4	3	4	3	13	14	12	4	12	0
1	3	2	2	4	3	15	14	10	14	8	12
1	4	2	2	3	3	15	14	6	6	4	4
1	2	4	3	2	3	15	14	12	4	2	12
1	2	4	2	3	3	15	14	12	14	4	12
1	2	3	4	2	4	15	14	12	8	2	12
1	3	4	2	3	2	15	14	10	2	6	2
1	4	3	3	2	2	15	14	6	14	2	0
1	2	4	3	2	3	15	14	12	4	10	0
1	4	2	3	4	2	15	14	6	4	10	2
1	2	4	3	4	1	15	14	8	4	0	0
1	4	3	2	3	2	15	14	6	2	0	2
1	4	2	3	3	2	15	14	6	4	12	2
1	3	4	2	4	2	15	12	8	0	0	0
1	3	4	2	3	2	15	14	10	2	4	0
1	2	3	4	4	3	15	14	12	8	0	6
1	2	4	3	2	4	15	14	12	4	6	0
1	2	2	4	3	4	15	14	14	12	4	0
1	3	2	4	2	3	15	14	10	8	6	4
1	3	4	2	2	3	15	14	10	2	10	12
1	3	4	2	3	4	15	14	10	2	0	8
1	4	3	2	3	2	15	14	6	2	0	10
1	4	2	4	3	3	15	14	6	14	4	0
1	2	4	3	4	2	15	14	12	4	0	6
1	2	3	4	3	4	15	14	12	8	4	10
1	4	2	3	4	2	15	14	6	4	14	0
1	2	4	3	2	3	15	14	12	4	6	0
1	2	4	3	2	4	15	14	12	4	14	8
1	2	3	4	3	4	15	14	12	8	0	0
1	2	3	4	3	2	15	14	12	8	4	10
1	3	2	4	3	2	15	14	10	8	6	2
1	2	3	4	4	2	15	14	12	8	12	6
1	3	4	2	4	3	15	14	10	2	8	4
1	3	4	2	3	2	15	14	10	2	14	2
1	4	2	3	4	3	15	8	0	4	0	0
1	2	3	4	3	4	15	14	12	8	12	10
1	2	2	3	4	3	15	14	14	12	8	0
1	2	3	4	4	2	15	14	12	8	0	2
1	2	4	3	3	2	15	14	12	4	4	2
1	3	4	2	4	3	15	14	10	2	14	4
1	4	3	2	3	2	15	14	6	2	0	0
1	3	4	2	4	3	13	14	8	0	0	0
1	3	4	2	4	3	15	14	10	2	10	6
1	4	3	2	4	3	13	8	4	2	0	0
1	3	4	2	3	4	15	14	10	2	12	8
1	2	4	3	3	4	15	14	12	4	0	8
1	4	2	3	4	2	15	14	6	4	12	2
1	2	4	3	4	2	15	14	12	4	8	6
1	3	4	2	3	2	15	14	10	2	14	0
1	4	3	2	3	2	15	14	6	2	14	10
1	3	4	4	2	2	15	14	10	14	2	2
1	2	4	3	2	3	15	14	12	4	14	4
1	4	3	2	4	2	15	14	6	2	12	6
1	2	3	4	3	4	15	14	12	8	12	8
1	2	3	4	3	2	15	14	12	8	12	0
1	4	2	3	1	3	15	14	6	4	0	0
1	2	2	4	3	4	15	14	14	12	4	12
1	2	4	3	3	4	15	14	12	4	4	10
1	2	4	3	3	4	15	14	12	4	12	8
1	2	4	3	4	1	15	10	8	4	0	0
1	3	4	2	2	4	15	14	10	2	2	0
1	3	2	4	3	2	15	14	10	8	0	10
1	3	4	2	4	2	13	12	8	0	0	0
1	2	4	3	3	4	15	14	12	4	4	8
1	2	3	4	4	3	15	14	12	8	14	0
1	4	3	2	4	3	15	8	6	0	0	0
1	2	2	3	4	4	15	14	14	12	8	0
1	2	4	3	2	4	15	14	12	4	6	12
1	3	2	4	4	2	15	14	10	8	10	6
1	4	2	3	3	4	15	14	6	4	4	0
1	4	3	2	4	2	13	8	4	0	0	0
1	3	4	2	4	1	13	14	8	0	0	0
1	3	2	4	4	3	15	14	10	8	10	0
1	3	2	2	4	4	15	14	10	14	8	0
1	4	2	3	1	4	15	14	6	4	0	0
1	3	4	2	3	4	15	12	8	0	0	0
1	3	2	4	3	4	15	14	10	8	4	0
1	3	4	2	2	4	15	14	10	2	14	8
1	3	2	3	4	2	15	14	10	12	8	2
1	4	2	3	4	1	13	8	2	0	0	0
1	3	4	2	3	4	13	12	8	0	0	0
1	4	3	4	2	3	15	14	6	14	2	6
1	2	4	3	4	3	15	14	12	4	12	4
1	3	2	4	3	4	15	14	10	8	14	0
1	4	2	3	3	2	15	14	6	4	14	10
1	4	2	4	2	3	15	14	6	12	6	4
1	3	4	2	3	2	15	14	10	2	12	10
1	4	3	2	3	4	15	14	6	2	0	0
1	3	4	2	4	2	15	12	8	2	0	0
1	3	2	4	3	2	15	14	10	8	0	2
1	4	3	2	4	2	15	14	6	2	8	6
1	4	2	3	3	2	15	12	6	4	4	0
1	3	4	2	3	4	15	14	10	2	4	10
1	4	2	3	4	1	15	8	2	4	0	0
1	4	2	3	2	3	15	14	6	4	6	0
1	3	4	3	2	2	15	14	10	6	2	0
1	2	3	4	2	3	15	14	12	8	14	12
1	4	2	3	3	4	15	14	6	4	14	10
1	3	2	4	4	2	13	12	10	8	8	0
1	4	3	2	4	3	15	14	6	2	8	0
1	4	2	3	3	4	15	14	6	4	12	10
1	4	3	2	3	2	15	14	6	2	14	0
1	2	3	4	4	2	15	14	12	8	14	6
1	4	2	2	4	3	15	14	6	6	12	4
1	2	2	3	4	3	15	14	14	12	8	4
1	3	4	2	3	2	15	14	10	2	12	2
1	2	4	3	4	3	15	14	12	4	0	0
1	4	3	2	2	4	15	14	6	2	0	12
1	3	4	2	3	2	15	14	10	2	6	10
1	2	4	3	3	2	15	14	12	4	12	0
1	3	4	2	3	4	15	14	10	2	0	10
1	2	4	4	3	2	15	14	12	12	4	2
1	3	4	2	2	4	15	14	10	2	0	8
1	2	4	3	2	3	15	14	12	4	0	0
1	2	2	4	3	3	15	14	14	12	4	4
1	4	2	3	3	4	15	14	6	4	6	0
1	2	4	3	4	1	13	14	8	0	0	0
1	4	3	2	2	4	15	14	6	2	0	8
1	2	4	3	4	3	15	14	12	4	8	6
1	4	2	2	3	3	15	14	6	14	4	12
1	4	2	3	4	3	15	14	6	4	0	4
1	4	3	2	3	2	15	14	6	2	12	10
1	2	3	4	4	1	13	10	12	8	0	0
