3	2	4	2	4	1	14	10	8	11	8	1
3	2	2	1	4	4	14	10	10	9	8	0
3	2	4	1	4	2	12	11	8	1	0	0
3	4	2	2	1	4	14	10	2	3	1	0
3	2	1	4	4	3	12	10	9	8	8	0
3	4	1	2	2	1	14	10	3	2	2	0
3	1	4	2	4	2	14	11	10	2	8	0
3	4	1	2	4	3	14	8	3	2	0	0
3	4	2	4	2	1	14	10	2	9	0	1
3	4	4	2	2	1	14	10	10	2	0	1
3	2	1	4	4	2	14	10	11	8	8	0
3	1	4	2	4	2	14	11	10	2	0	0
3	2	4	1	4	2	14	10	8	0	0	0
3	4	2	2	1	3	14	10	2	0	0	0
3	4	2	1	4	2	14	10	2	11	8	0
3	4	1	2	2	4	14	10	3	2	0	8
3	4	2	2	4	1	14	10	2	11	8	0
3	4	2	4	1	2	14	10	2	11	0	0
3	2	4	4	1	2	14	10	8	0	0	0
3	4	1	2	2	4	14	10	3	2	2	8
3	4	2	1	4	2	12	8	0	0	0	0
3	2	4	3	4	2	14	10	8	0	0	0
3	4	2	2	1	4	14	10	2	11	9	0
3	4	1	2	2	4	14	10	3	2	10	8
3	2	4	3	1	4	12	10	8	0	0	0
3	1	4	2	2	4	14	11	10	2	2	0
3	4	2	4	1	2	14	10	2	0	3	0
3	4	2	2	4	1	14	10	2	10	9	1
3	2	2	4	1	4	14	10	11	8	9	0
3	4	4	2	1	2	14	10	10	2	1	2
3	2	4	4	1	2	14	10	8	0	3	2
3	2	4	2	4	1	14	10	8	3	8	1
3	2	2	1	4	4	14	10	11	9	8	0
3	4	2	1	4	2	14	10	2	9	0	2
3	4	2	4	1	2	14	10	2	11	3	0
3	4	2	1	2	4	14	10	2	0	10	8
3	2	4	1	2	4	14	10	8	1	2	8
3	4	2	2	1	4	14	10	2	0	0	8
3	2	4	4	1	2	14	10	8	9	0	2
3	2	4	1	4	2	14	10	8	9	10	0
3	1	4	2	4	2	14	11	10	2	10	0
3	2	4	4	2	1	14	10	8	10	3	1
3	4	1	4	2	2	14	10	3	10	2	0
3	2	4	4	2	1	14	10	8	10	2	0
3	4	4	2	1	2	14	10	11	2	1	2
3	4	2	1	3	4	12	8	2	1	0	0
3	2	4	1	2	4	14	10	8	3	2	0
3	4	2	4	1	2	14	8	0	0	0	0
3	2	4	4	1	3	14	10	8	0	0	0
3	2	1	4	2	4	14	10	9	8	2	0
3	4	2	2	1	4	14	10	2	0	1	0
3	4	1	2	4	2	14	10	11	2	0	2
3	4	1	2	3	4	14	10	3	2	0	0
3	4	4	1	2	2	14	10	10	3	2	2
3	1	2	4	4	2	14	11	10	8	8	0
3	2	4	4	1	3	12	10	8	8	1	0
3	2	4	3	2	4	14	10	8	0	0	0
3	2	4	4	1	2	14	10	8	11	3	0
3	2	4	4	1	3	12	10	8	8	0	0
3	4	1	2	4	1	14	8	0	0	0	0
3	2	4	2	1	4	14	10	8	11	9	0
3	4	1	2	4	3	12	8	3	0	0	0
3	4	1	2	4	1	14	8	3	2	0	0
3	2	2	4	4	1	14	10	10	8	0	0
3	4	2	4	1	2	14	8	2	0	0	0
3	4	2	1	4	2	14	10	2	1	0	0
3	2	4	4	1	2	14	10	8	10	1	0
3	4	1	2	3	4	12	8	1	2	0	0
3	2	1	4	2	4	14	10	11	8	2	0
3	2	1	4	4	2	14	10	11	8	0	2
3	2	4	3	1	4	14	10	8	0	0	0
3	2	4	1	4	2	14	10	8	0	8	2
3	4	2	4	1	2	14	10	2	0	0	0
3	1	4	2	2	4	14	11	10	2	0	8
3	4	2	4	1	2	14	10	2	8	1	0
3	4	1	2	4	2	14	10	3	2	8	2
3	2	1	4	2	4	14	10	11	8	10	8
3	2	4	2	1	4	14	10	8	3	1	0
3	4	2	1	3	4	14	10	2	1	0	0
3	2	1	4	2	4	14	10	9	8	0	8
3	4	1	2	3	2	12	8	3	2	0	0
3	2	4	1	4	2	14	10	8	3	0	0
3	1	4	2	4	1	12	9	8	0	0	0
3	2	4	2	1	4	14	10	8	11	0	8
3	2	4	4	2	1	14	10	8	9	3	0
3	2	4	4	1	2	14	10	8	9	1	0
3	2	4	4	2	1	14	10	8	9	2	0
3	2	4	1	4	2	14	10	8	11	8	2
3	2	4	2	4	1	14	10	8	0	0	0
3	4	1	2	4	3	12	8	3	2	0	0
3	2	4	1	4	2	14	10	8	0	10	0
3	4	2	1	2	4	14	10	2	9	0	8
3	2	4	2	1	4	14	10	8	0	0	8
3	1	4	2	3	4	12	9	8	0	0	0
3	2	4	4	2	1	14	10	8	9	0	1
3	2	4	4	1	3	12	10	8	9	0	0
3	4	1	2	4	3	12	8	0	2	0	0
3	2	4	4	1	2	14	10	8	11	0	2
3	4	2	1	4	2	14	10	2	9	10	0
3	2	4	1	2	4	14	10	8	11	2	8
3	2	4	4	1	2	14	10	8	10	1	2
3	2	4	4	2	1	14	10	8	9	3	1
3	1	4	2	4	3	12	11	8	2	0	0
3	2	4	4	2	1	14	10	8	0	2	0
3	2	4	1	4	2	12	10	8	0	0	0
3	2	4	2	4	1	14	10	8	0	8	1
3	4	2	4	2	1	14	10	2	8	3	1
3	4	2	4	2	1	14	10	2	10	3	0
3	2	4	1	2	4	14	10	8	1	0	8
3	4	1	2	4	3	14	8	0	0	0	0
3	2	4	1	2	4	14	10	8	0	0	8
3	2	4	2	4	1	14	10	8	10	8	1
3	4	2	1	4	2	14	8	2	1	0	0
3	1	2	4	4	1	12	9	10	8	0	0
3	4	1	4	2	2	14	10	3	10	2	2
3	2	4	4	1	2	14	10	8	8	0	2
3	2	4	1	4	2	12	10	8	1	0	0
3	2	4	4	1	2	14	10	8	10	0	2
3	4	2	1	4	3	14	8	0	0	0	0
3	2	4	1	2	4	14	10	8	3	0	0
3	4	2	1	4	2	14	10	2	0	10	0
3	4	2	1	4	3	14	10	2	1	0	0
3	2	4	4	1	2	14	10	8	11	0	0
3	4	2	1	2	3	14	10	2	0	0	0
3	2	4	1	4	3	12	11	8	0	0	0
3	4	1	4	2	3	12	8	0	0	0	0
3	4	2	4	2	1	14	10	2	0	2	1
3	4	2	1	1	3	12	8	3	1	0	0
3	4	2	4	1	2	12	8	2	0	0	0
3	4	3	4	1	2	12	8	0	0	0	0
3	2	4	2	4	1	14	10	8	2	9	0
3	4	4	2	2	1	14	10	11	2	3	0
3	1	4	2	4	3	14	9	8	2	0	0
3	2	4	4	1	2	14	10	8	11	1	0
3	2	4	4	1	2	12	10	8	0	0	0
3	2	4	2	1	4	14	10	8	2	1	8
3	4	2	4	2	1	14	10	2	11	0	1
3	4	2	1	4	2	14	10	2	11	0	0
3	2	2	4	4	1	14	10	11	8	8	1
3	4	2	2	1	4	14	10	2	3	9	0
3	4	2	4	1	2	14	10	2	9	1	0
3	2	4	4	1	2	12	10	8	8	1	0
3	2	4	2	1	4	14	10	8	2	9	0
3	4	2	4	2	1	14	10	2	10	0	0
3	4	2	4	1	2	14	10	2	10	1	0
3	2	1	4	4	2	12	11	9	8	0	0
3	2	4	4	2	1	14	10	8	0	3	0
3	4	2	4	2	1	14	10	2	10	3	1
3	2	4	2	1	4	14	10	8	11	1	8
3	4	2	4	2	1	14	10	2	0	2	0
3	4	2	1	4	1	14	8	0	1	0	0
3	2	1	4	4	1	14	10	9	8	0	0
3	2	4	1	4	2	14	10	8	3	10	0
3	4	2	3	1	4	12	8	0	0	0	0
3	4	2	1	4	2	14	10	2	0	8	2
3	4	2	1	4	2	14	10	2	3	8	2
3	4	1	2	4	2	12	8	0	0	0	0
3	4	2	1	4	2	12	8	2	1	0	0
3	4	2	2	4	1	14	10	2	0	9	1
3	2	4	2	1	4	14	10	8	3	9	0
3	4	2	4	2	1	14	10	2	0	3	0
3	4	2	2	4	1	14	10	2	2	8	1
3	1	4	2	3	4	12	11	8	0	0	0
3	2	4	1	4	1	12	10	8	1	0	0
3	2	4	4	1	2	14	10	8	11	3	2
3	2	4	2	1	4	14	10	8	10	0	0
3	4	2	1	2	4	14	10	2	1	0	0
3	4	2	4	2	1	14	10	2	0	0	0
3	2	4	1	4	3	14	11	8	0	0	0
3	2	4	2	4	1	14	10	8	11	0	0
3	4	2	2	4	1	14	10	2	3	9	1
3	4	1	2	4	3	14	8	1	0	0	0
3	4	2	2	4	1	14	10	2	0	9	0
3	2	4	1	4	1	14	11	8	0	0	0
3	4	2	2	4	1	14	10	2	10	9	0
3	2	4	1	4	2	14	10	8	3	10	2
3	4	4	2	1	2	14	10	10	2	0	2
3	4	1	2	2	4	12	8	3	2	0	0
3	4	2	1	4	2	14	8	0	0	0	0
3	4	2	1	4	1	12	8	3	0	0	0
3	2	1	4	4	2	14	11	9	8	0	0
3	2	4	4	2	1	14	10	8	11	0	1
3	2	1	4	4	2	14	10	11	8	10	0
3	4	1	2	1	2	12	8	3	2	0	0
3	4	1	2	4	2	14	10	11	2	0	0
3	2	4	4	1	2	12	10	8	0	1	0
3	4	2	1	4	2	14	10	2	0	0	0
3	1	2	4	4	3	12	9	10	8	8	0
3	1	2	4	4	1	14	11	10	8	0	0
3	2	4	1	2	4	14	10	8	11	2	0
3	4	2	2	1	4	14	10	2	2	1	8
3	2	4	1	4	3	14	10	8	1	0	0
3	4	2	2	1	4	14	10	2	10	0	0
3	1	4	2	2	4	14	11	10	2	0	0
3	2	2	4	1	4	14	10	11	8	0	0
3	2	1	4	2	4	14	10	11	8	0	8
3	2	4	4	1	2	14	10	8	8	1	0
3	2	4	2	4	1	14	10	8	3	9	0
3	4	2	1	3	4	12	8	0	1	0	0
3	2	4	2	4	1	14	10	8	0	8	0
3	1	4	2	4	1	14	11	8	0	0	0
3	4	2	1	4	2	14	10	2	1	10	2
3	1	2	4	4	2	14	11	10	8	10	0
3	1	4	2	4	2	12	9	8	0	0	0
3	4	2	2	4	1	14	10	2	11	8	1
3	4	2	1	4	2	14	10	2	11	0	2
3	1	4	2	4	2	12	11	8	2	0	0
3	2	4	1	4	3	12	10	8	0	0	0
3	2	4	2	1	4	14	10	8	0	0	0
3	1	2	4	4	2	12	9	10	8	0	0
3	4	2	1	3	2	14	10	2	1	0	0
3	1	4	2	4	3	14	11	8	2	0	0
3	4	2	1	4	2	14	10	2	3	10	0
3	1	4	2	4	2	14	11	10	2	8	2
3	2	4	1	3	4	12	11	8	0	0	0
3	2	4	1	4	2	14	11	8	0	0	0
3	4	2	4	1	2	14	10	2	10	3	2
3	4	2	2	1	4	14	10	2	11	1	0
3	4	2	4	2	1	14	10	2	8	2	1
3	4	2	2	1	4	14	10	2	3	9	8
3	4	1	2	2	1	12	8	3	2	0	0
3	2	2	4	1	4	14	10	10	8	1	8
3	2	4	4	2	1	14	10	8	11	2	0
3	2	4	2	1	4	14	10	8	11	1	0
3	4	2	2	1	4	14	10	2	2	0	8
3	1	2	2	4	4	14	11	10	10	8	0
3	4	1	2	3	2	14	10	3	2	0	0
3	4	2	1	4	1	12	8	2	1	0	0
3	2	4	4	1	2	14	10	8	8	3	0
3	2	4	2	1	4	14	10	8	0	1	0
3	1	2	4	4	1	14	9	10	8	0	0
3	1	4	2	4	1	12	9	8	2	0	0
3	2	4	4	3	2	14	10	8	0	0	0
3	4	2	1	2	1	12	8	3	1	0	0
3	2	1	2	4	4	14	10	9	10	8	8
3	1	2	4	4	2	14	11	10	8	0	2
3	2	4	1	2	4	14	10	8	0	2	0
3	4	2	4	1	2	14	10	2	9	1	2
3	2	4	4	1	2	14	10	8	0	1	2
3	2	4	4	1	2	14	10	8	10	0	0
3	4	4	2	1	2	14	10	11	2	0	2
3	4	2	4	1	3	14	8	0	0	0	0
3	2	4	2	1	4	14	10	8	2	1	0
3	4	2	1	2	4	14	10	2	3	2	8
3	4	2	2	4	1	14	10	2	3	0	1
3	2	4	3	4	1	14	10	8	0	0	0
3	2	4	2	4	1	14	10	8	3	0	0
3	4	2	4	2	1	14	10	2	0	3	1
3	2	4	1	3	4	14	10	8	0	0	0
3	2	1	4	2	4	14	10	9	8	2	8
3	2	4	1	2	4	14	10	8	9	10	8
3	2	4	2	1	4	14	10	8	3	1	8
3	4	2	4	1	2	14	10	2	11	1	2
3	4	2	1	2	4	14	10	2	3	0	8
3	4	1	2	2	4	14	10	11	2	2	8
3	4	2	1	4	3	14	10	2	0	0	0
3	4	2	2	1	4	14	10	2	0	0	0
3	4	3	2	1	4	12	8	0	0	0	0
3	2	4	1	2	4	14	10	8	0	10	8
3	2	4	1	4	2	14	10	8	1	0	2
3	4	1	2	4	3	14	8	3	0	0	0
3	4	2	1	2	4	14	10	2	11	0	0
3	4	2	1	4	3	14	8	2	0	0	0
3	4	1	2	2	4	14	10	11	2	0	8
3	4	2	1	4	1	14	8	3	0	0	0
3	4	2	1	4	3	12	8	0	1	0	0
3	4	2	4	1	2	14	10	2	11	0	2
3	4	1	2	3	1	12	8	3	2	0	0
3	4	2	1	2	4	14	10	2	0	0	8
3	2	1	4	4	2	14	10	9	8	10	2
3	4	3	1	4	2	12	8	0	0	0	0
3	2	4	4	2	1	14	10	8	11	3	0
3	4	2	3	2	4	14	10	2	0	0	0
3	4	4	2	2	1	14	10	11	2	2	1
3	1	4	2	4	3	14	9	8	0	0	0
3	4	2	4	2	1	14	10	2	8	3	0
3	1	4	2	2	4	14	11	10	2	10	8
3	1	4	4	2	2	14	11	10	10	2	2
3	4	2	1	2	3	14	10	2	1	0	0
3	2	4	4	1	2	12	10	8	9	0	0
3	4	2	1	2	4	14	10	2	11	2	8
3	2	1	4	4	3	14	11	9	8	0	0
3	4	2	4	2	1	14	10	2	9	2	0
3	2	4	2	4	1	14	10	8	10	9	0
3	2	1	4	2	4	14	10	9	8	0	0
3	4	2	2	1	4	14	10	2	10	9	0
3	4	2	4	2	1	14	10	2	9	3	1
3	4	2	1	3	2	14	10	2	0	0	0
3	4	2	1	4	2	14	8	0	1	0	0
3	2	4	2	1	4	14	10	8	2	0	8
3	2	4	2	1	4	14	10	8	2	0	0
3	4	2	1	2	4	14	10	2	11	10	0
3	2	4	4	3	1	12	10	8	0	0	0
3	1	4	2	4	1	14	9	8	0	0	0
3	2	4	4	1	2	14	10	8	0	1	0
3	2	2	4	4	1	14	10	11	8	0	1
3	1	2	4	4	2	14	11	10	8	10	2
3	4	2	1	2	4	14	10	2	1	10	0
3	2	1	4	4	2	14	10	11	8	0	0
3	4	2	2	4	1	14	10	2	2	9	1
3	4	2	4	1	2	14	10	2	0	0	2
3	2	4	2	3	4	14	10	8	0	0	0
3	4	2	1	2	4	14	10	2	1	2	0
3	2	4	2	4	1	14	10	8	3	8	0
3	2	2	4	4	1	14	10	10	8	9	1
3	4	3	2	4	1	12	8	0	0	0	0
3	4	1	2	4	1	12	8	0	2	0	0
3	2	4	2	1	4	14	10	8	3	0	8
3	4	2	3	1	4	12	8	2	0	0	0
3	2	4	4	2	1	14	10	8	0	2	1
3	4	2	4	2	1	14	10	2	10	2	1
3	4	2	1	4	2	14	8	3	1	0	0
3	2	4	1	4	2	12	10	8	9	8	0
3	4	2	4	1	2	14	10	2	11	3	2
3	1	2	2	4	4	14	11	10	10	8	8
3	4	2	1	2	4	14	10	2	11	2	0
3	2	4	2	4	1	14	10	8	10	9	1
3	2	4	1	4	3	12	10	8	1	8	0
3	4	2	2	4	1	14	10	2	0	0	0
3	4	1	2	2	4	14	10	11	2	10	0
3	4	2	2	4	1	14	10	2	3	0	0
3	4	2	4	1	2	14	10	2	9	0	0
3	2	4	4	2	1	14	10	8	10	0	0
3	4	1	4	2	2	14	10	11	10	2	0
3	2	4	3	4	1	12	10	8	0	0	0
3	1	4	2	4	3	12	11	8	0	0	0
3	4	2	1	4	3	14	8	3	1	0	0
3	4	2	1	4	1	12	8	2	0	0	0
3	2	1	4	4	2	12	11	9	8	8	0
3	2	4	4	1	2	14	10	8	9	3	0
3	4	2	4	1	3	14	10	2	0	0	0
3	4	2	4	1	3	12	8	2	0	0	0
3	1	2	4	3	4	12	9	10	8	0	0
3	2	4	1	4	2	12	10	8	9	0	0
3	4	2	1	2	4	14	10	2	0	2	8
3	4	1	2	4	2	14	8	3	2	0	0
3	2	1	2	4	4	14	10	9	10	8	0
3	4	2	2	1	4	14	10	2	11	1	8
3	4	1	2	4	2	14	10	3	2	0	2
3	4	2	1	4	3	12	8	3	0	0	0
3	4	1	2	3	4	12	8	3	0	0	0
3	1	2	4	2	4	14	11	10	8	2	0
3	2	4	4	2	1	14	10	8	0	0	0
3	4	1	2	4	1	12	8	1	0	0	0
3	1	2	4	2	4	14	11	10	8	0	0
3	1	4	2	4	2	14	11	8	0	0	0
3	4	2	2	1	4	14	10	2	2	9	8
3	4	2	1	2	4	14	10	2	9	0	0
3	4	1	2	4	1	14	8	1	2	0	0
3	4	2	1	4	3	14	8	2	1	0	0
3	2	4	1	2	4	14	10	8	11	0	0
3	2	1	4	4	3	14	10	9	8	8	0
3	4	4	1	2	3	12	8	0	0	0	0
3	4	4	2	2	1	14	10	11	2	0	0
3	4	2	1	4	3	12	8	2	1	0	0
3	2	4	1	2	4	14	10	8	9	0	0
3	4	4	2	2	1	14	10	10	2	2	0
3	2	4	4	1	2	12	10	8	8	0	0
3	2	4	1	2	4	14	10	8	3	10	0
3	4	1	2	1	3	12	8	3	2	0	0
3	4	2	4	1	2	14	10	2	9	3	2
3	4	4	2	2	1	14	10	10	2	3	1
3	2	2	4	4	1	14	10	10	8	8	0
3	2	4	4	1	2	14	10	8	9	1	2
3	4	2	1	4	2	14	10	2	0	0	2
3	4	2	4	2	1	14	10	2	11	0	0
3	1	2	4	4	2	12	11	10	8	8	0
3	4	2	1	2	4	14	10	2	11	0	8
3	4	4	2	1	2	14	10	10	2	1	0
3	2	4	1	4	2	14	10	8	11	0	2
3	1	2	4	2	4	14	11	10	8	10	0
3	4	4	2	1	3	12	8	0	0	0	0
3	2	4	2	4	1	14	10	8	0	9	1
3	4	2	2	3	4	14	10	2	0	0	0
3	4	2	4	2	1	14	10	2	8	2	0
3	4	1	3	2	4	12	8	0	0	0	0
3	2	1	2	4	4	14	10	11	10	8	0
3	2	4	1	3	4	12	10	8	0	0	0
3	4	4	2	1	2	14	10	10	2	3	2
3	4	2	2	4	1	14	10	2	0	0	1
3	4	1	2	4	2	14	8	0	0	0	0
3	4	1	2	2	4	14	10	3	2	10	0
3	1	2	4	3	4	12	11	10	8	0	0
3	2	4	4	2	1	14	10	8	9	0	0
3	2	4	1	4	3	14	11	8	1	0	0
3	4	2	1	4	3	12	8	3	1	0	0
3	4	2	1	2	4	14	10	2	1	10	8
3	4	2	4	3	1	12	8	0	0	0	0
3	4	1	2	4	2	14	8	0	2	0	0
3	1	2	4	3	2	14	11	10	8	0	0
3	2	4	1	2	4	14	10	8	0	2	8
3	4	2	1	1	2	12	8	3	1	0	0
3	4	2	1	2	4	14	10	2	1	2	8
3	4	1	2	4	2	14	10	11	2	8	0
3	1	2	4	4	3	12	11	10	8	0	0
3	4	2	1	4	2	14	10	2	3	0	2
3	4	2	3	1	4	14	10	2	0	0	0
3	2	1	4	4	1	14	10	9	8	8	0
3	4	1	3	4	2	12	8	0	0	0	0
3	4	2	3	4	1	12	8	2	0	0	0
3	2	1	4	3	4	12	10	9	8	0	0
3	4	2	2	4	1	14	10	2	11	9	0
3	4	1	2	3	4	12	8	1	0	0	0
3	4	2	2	1	4	14	10	2	10	1	0
3	4	2	2	1	4	14	10	2	10	9	8
3	2	4	1	4	1	12	11	8	0	0	0
3	4	1	2	4	2	14	10	3	2	10	2
3	2	1	4	3	2	14	10	9	8	0	0
3	2	1	4	2	4	14	10	9	8	10	0
3	4	1	2	4	1	12	8	1	2	0	0
3	2	2	4	4	1	14	10	11	8	0	0
3	4	2	2	1	4	14	10	2	2	0	0
3	2	4	1	4	2	14	10	8	9	0	2
3	2	2	1	4	4	14	10	10	9	8	8
3	1	4	2	4	3	12	9	8	2	0	0
3	4	2	1	4	2	14	10	2	3	0	0
3	2	4	1	4	2	14	10	8	3	8	0
3	4	4	3	2	1	12	8	0	0	0	0
3	4	1	2	4	2	14	8	1	2	0	0
3	4	2	1	4	1	12	8	3	1	0	0
3	2	4	1	4	2	14	10	8	3	8	2
3	4	1	2	2	3	12	8	3	2	0	0
3	2	4	4	1	2	14	10	8	10	3	0
3	2	4	2	1	4	14	10	8	11	0	0
3	4	1	2	1	4	12	8	3	2	0	0
3	2	4	2	1	4	14	10	8	3	9	8
3	4	2	3	2	1	14	10	2	0	0	0
3	4	3	1	2	4	12	8	0	0	0	0
3	2	1	4	3	4	14	10	9	8	0	0
3	4	1	2	2	4	14	10	11	2	2	0
3	2	1	4	2	4	14	10	11	8	0	0
3	2	4	2	1	4	14	10	8	11	9	8
3	1	4	4	2	2	14	11	10	10	2	0
3	2	4	1	4	3	14	10	8	0	0	0
3	2	4	4	2	1	14	10	8	9	2	1
3	4	2	4	1	2	14	10	2	10	0	0
3	2	4	1	4	3	12	10	8	1	0	0
3	4	4	2	2	1	14	10	11	2	0	1
3	2	4	2	3	1	14	10	8	0	0	0
3	4	2	1	4	2	14	10	2	3	8	0
3	2	4	2	4	1	14	10	8	10	0	1
3	4	2	1	3	4	12	8	2	0	0	0
3	4	2	1	3	4	12	8	3	0	0	0
3	2	2	4	4	1	14	10	10	8	8	1
3	2	4	2	1	4	14	10	8	10	9	8
3	4	2	1	4	2	12	8	3	0	0	0
3	2	4	1	4	2	14	10	8	9	0	0
3	4	2	1	4	2	14	10	2	11	8	2
3	4	1	4	2	2	14	10	11	10	2	2
3	2	4	1	4	2	12	11	8	0	0	0
3	1	4	2	4	2	14	11	8	2	0	0
3	2	4	1	4	2	14	10	8	1	10	0
3	2	4	4	3	1	14	10	8	0	0	0
3	2	4	2	4	1	14	10	8	2	9	1
3	4	2	1	4	2	14	10	2	1	8	2
3	4	4	2	1	2	14	10	10	2	3	0
3	2	4	4	1	2	14	10	8	10	3	2
3	4	2	4	1	3	14	8	2	0	0	0
3	2	2	4	1	4	14	10	10	8	0	8
3	4	2	3	4	1	14	10	2	0	0	0
3	2	4	4	2	1	14	10	8	11	2	1
3	4	1	2	2	3	14	10	3	2	2	0
3	4	1	2	4	2	14	10	3	2	10	0
3	2	1	4	2	4	14	10	11	8	2	8
3	2	4	2	4	1	14	10	8	0	9	0
3	2	4	2	4	1	14	10	8	10	0	0
3	4	1	2	2	3	14	10	3	2	0	0
3	2	4	4	2	1	14	10	8	8	0	1
3	2	4	4	2	1	14	10	8	11	3	1
3	4	1	2	4	2	14	10	11	2	10	0
3	4	2	1	2	4	14	10	2	1	0	8
3	2	4	4	2	1	14	10	8	10	0	1
3	4	2	4	1	2	14	10	2	8	3	2
3	2	1	4	4	1	14	11	9	8	0	0
3	4	4	2	2	1	14	10	11	2	3	1
3	2	4	1	4	2	14	10	8	11	10	0
3	1	4	2	4	2	12	9	8	2	0	0
3	4	2	1	4	2	14	10	2	9	10	2
3	2	4	4	2	1	14	10	8	0	0	1
3	2	4	1	4	2	14	10	8	11	10	2
3	4	1	2	3	4	12	8	0	2	0	0
3	1	2	4	4	1	12	11	10	8	8	0
3	1	2	4	2	4	14	11	10	8	10	8
3	4	2	2	4	1	14	10	2	11	0	0
3	4	1	2	4	2	12	8	1	0	0	0
3	4	2	2	1	4	14	10	2	3	0	0
3	2	4	2	4	1	14	10	8	2	8	0
3	4	2	1	3	4	12	8	3	1	0	0
3	2	4	1	2	4	14	10	8	11	10	0
3	4	1	2	4	2	14	10	11	2	8	2
3	4	4	2	1	2	14	10	11	2	3	0
3	4	2	1	2	4	14	10	2	3	10	8
3	4	2	1	3	4	12	8	0	0	0	0
3	2	1	4	4	1	12	10	9	8	8	0
3	2	4	4	2	1	14	10	8	11	0	0
3	4	2	4	1	2	14	10	2	0	1	2
3	1	4	2	4	2	14	11	10	2	10	2
3	2	4	2	1	3	14	10	8	0	0	0
3	4	2	2	4	1	14	10	2	3	9	0
3	4	1	2	2	4	14	10	3	2	0	0
3	2	4	4	1	2	14	10	8	0	0	2
3	4	2	2	4	1	14	10	2	2	9	0
3	4	2	1	4	2	14	10	2	9	0	0
3	2	4	1	4	2	14	10	8	11	8	0
3	4	2	4	2	1	14	10	2	11	2	1
3	1	4	2	4	3	14	11	8	0	0	0
3	1	2	4	4	1	12	11	10	8	0	0
3	4	2	2	4	1	14	10	2	10	0	1
3	2	4	2	1	4	14	10	8	0	9	8
3	2	4	1	2	4	14	10	8	1	0	0
3	4	4	2	2	1	14	10	10	2	0	0
3	4	2	2	3	1	14	10	2	0	0	0
3	4	1	2	2	4	14	10	3	2	2	0
3	2	1	4	4	1	12	11	9	8	0	0
3	4	2	2	4	1	14	10	2	0	8	1
3	2	4	2	1	4	14	10	8	2	9	8
3	4	1	2	4	3	14	8	1	2	0	0
3	1	4	2	4	1	14	9	8	2	0	0
3	2	4	1	4	2	14	10	8	0	10	2
3	2	1	4	4	2	14	10	9	8	0	0
3	4	2	1	2	4	14	10	2	0	2	0
3	4	2	4	1	2	14	10	2	9	3	0
3	2	4	2	1	4	14	10	8	10	1	0
3	4	2	1	2	4	14	10	2	9	10	0
3	1	4	2	4	1	12	11	8	0	0	0
3	4	2	1	4	2	14	8	3	0	0	0
3	4	2	2	4	1	14	10	2	11	0	1
3	2	1	4	4	2	14	10	9	8	0	2
3	4	1	2	4	1	14	8	0	2	0	0
3	2	4	2	4	1	14	10	8	2	0	0
3	2	4	1	3	4	14	10	8	1	0	0
3	2	4	1	2	4	14	10	8	1	10	8
3	1	2	4	4	2	12	11	10	8	0	0
3	2	1	4	3	4	12	11	9	8	0	0
3	4	1	2	4	2	12	8	0	2	0	0
3	2	4	1	4	2	14	10	8	0	8	0
3	2	4	4	2	1	14	10	8	8	0	0
3	4	2	1	2	4	14	10	2	9	2	8
3	4	2	2	1	4	14	10	2	3	0	8
3	4	1	2	2	4	14	10	11	2	10	8
3	2	4	1	4	2	14	10	8	1	8	2
3	4	2	4	2	1	14	10	2	9	0	0
3	2	4	2	4	1	14	10	8	11	9	0
3	4	4	2	1	2	14	10	11	2	3	2
3	4	2	4	1	3	12	8	0	0	0	0
3	4	1	4	3	2	12	8	0	0	0	0
3	4	1	2	4	2	12	8	1	2	0	0
3	4	2	4	1	2	14	10	2	8	0	2
3	4	2	4	2	1	14	10	2	11	3	1
3	2	4	1	2	3	14	10	8	1	0	0
3	2	4	1	4	2	14	10	8	1	0	0
3	4	2	1	4	2	12	8	0	1	0	0
3	2	4	1	4	1	12	10	8	0	0	0
3	4	2	2	1	4	14	10	2	3	1	8
3	4	2	1	4	3	14	8	0	1	0	0
3	2	1	2	4	4	14	10	11	10	8	8
3	2	4	2	1	4	14	10	8	10	1	8
3	2	4	1	4	2	14	10	8	9	8	2
3	1	2	4	4	3	14	9	10	8	0	0
3	2	2	4	4	1	14	10	11	8	9	0
3	1	4	2	3	4	14	11	10	2	0	0
3	4	2	2	4	1	14	10	2	10	8	0
3	2	1	4	4	2	12	10	9	8	8	0
3	1	2	4	4	3	12	11	10	8	8	0
3	2	2	4	1	4	14	10	10	8	1	0
3	4	2	1	3	1	12	8	3	1	0	0
3	4	2	4	3	1	12	8	2	0	0	0
3	4	2	4	2	3	14	10	2	0	0	0
3	1	4	2	2	4	14	11	10	2	2	8
3	2	4	4	1	2	14	10	8	8	0	0
3	4	2	4	1	2	14	10	2	8	3	0
3	4	1	2	4	1	12	8	3	2	0	0
3	4	1	2	4	3	12	8	0	0	0	0
3	4	2	2	1	4	14	10	2	10	1	8
3	4	2	4	2	1	14	10	2	9	3	0
3	2	4	4	1	2	14	10	8	8	3	2
3	4	1	2	4	2	14	10	11	2	10	2
3	4	2	2	4	1	14	10	2	2	0	0
3	4	2	1	4	2	12	8	3	1	0	0
3	4	4	1	2	2	14	10	10	3	2	0
3	4	4	2	1	2	14	10	11	2	1	0
3	2	4	1	3	2	14	10	8	0	0	0
3	4	2	1	4	2	14	10	2	11	10	0
3	4	1	2	3	4	12	8	0	0	0	0
3	2	4	4	1	2	14	10	8	11	1	2
3	4	2	1	4	2	14	10	2	1	10	0
3	1	4	2	3	2	14	11	10	2	0	0
3	4	2	4	2	1	14	10	2	10	2	0
3	4	2	2	4	1	14	10	2	3	8	0
3	4	4	2	2	1	14	10	10	2	3	0
3	2	4	1	3	2	14	10	8	1	0	0
3	4	2	1	4	1	12	8	0	0	0	0
3	4	2	2	4	1	14	10	2	0	8	0
3	2	1	4	4	2	14	10	11	8	8	2
3	4	4	2	3	1	12	8	0	0	0	0
3	4	2	2	4	1	14	10	2	10	0	0
3	4	2	1	4	2	14	10	2	1	0	2
3	4	2	4	1	2	14	10	2	0	1	0
3	2	4	4	2	1	14	10	8	10	2	1
3	2	1	4	4	2	14	10	9	8	10	0
3	1	2	4	2	4	14	11	10	8	0	8
3	1	2	4	2	4	14	11	10	8	2	8
3	1	4	2	2	3	14	11	10	2	0	0
3	4	1	2	4	3	12	8	1	0	0	0
3	4	2	4	2	1	14	10	2	0	0	1
3	1	4	2	4	3	14	11	10	2	0	0
3	4	2	3	4	1	12	8	0	0	0	0
3	2	1	4	2	4	14	10	9	8	10	8
3	2	4	1	4	1	14	11	8	1	0	0
3	4	2	1	2	4	14	10	2	3	2	0
3	4	2	1	1	4	12	8	3	1	0	0
3	4	1	2	2	4	14	10	11	2	0	0
3	2	1	4	4	2	14	10	9	8	8	0
3	4	2	2	1	4	14	10	2	2	9	0
3	2	4	4	1	2	14	10	8	9	0	0
3	2	4	1	4	2	14	10	8	9	10	2
3	2	4	4	1	3	12	10	8	0	1	0
3	2	4	1	4	3	12	11	8	1	0	0
3	2	4	1	2	4	14	10	8	9	2	0
3	1	4	2	4	2	14	11	10	2	0	2
3	4	1	2	4	1	12	8	0	0	0	0
3	2	2	4	1	4	14	10	11	8	1	0
3	4	2	2	1	4	14	10	2	11	0	0
3	4	2	2	1	4	14	10	2	0	9	8
3	1	2	4	4	2	14	11	10	8	0	0
3	4	2	2	4	1	14	10	2	11	9	1
3	4	2	2	1	4	14	10	2	11	0	8
3	4	2	1	4	2	14	10	2	11	10	2
3	4	2	3	4	2	14	10	2	0	0	0
3	4	2	2	4	1	14	10	2	10	8	1
3	2	4	4	2	1	14	10	8	0	3	1
3	4	2	4	2	1	14	10	2	11	2	0
3	2	4	4	2	3	14	10	8	0	0	0
3	4	2	2	1	4	14	10	2	10	0	8
3	4	4	1	2	2	14	10	11	3	2	2
3	1	4	2	4	2	12	11	8	0	0	0
3	4	2	4	1	2	14	10	2	8	0	0
3	2	4	1	2	4	14	10	8	11	10	8
3	2	4	1	4	2	14	10	8	9	8	0
3	2	4	2	4	1	14	10	8	0	0	1
3	2	2	4	1	4	14	10	11	8	1	8
3	4	2	1	4	2	14	10	2	3	10	2
3	4	1	2	3	4	12	8	3	2	0	0
3	4	2	1	2	4	14	10	2	3	10	0
3	4	2	2	4	1	14	10	2	3	8	1
3	4	2	2	1	4	14	10	2	2	1	0
3	2	4	1	4	1	14	10	8	1	0	0
3	4	2	1	2	4	14	10	2	11	10	8
3	2	4	1	2	4	14	10	8	3	10	8
3	4	1	2	4	2	12	8	3	2	0	0
3	2	2	4	1	4	14	10	10	8	9	8
3	4	1	2	4	2	14	10	3	2	8	0
3	4	2	3	1	2	14	10	2	0	0	0
3	4	1	2	4	2	14	8	1	0	0	0
3	4	2	1	4	1	14	8	3	1	0	0
3	4	2	4	1	2	12	8	0	0	0	0
3	1	2	4	4	2	14	9	10	8	0	0
3	2	4	1	4	1	12	11	8	1	0	0
3	4	2	1	4	2	12	8	2	0	0	0
3	2	4	3	2	1	14	10	8	0	0	0
3	2	4	1	4	2	14	10	8	1	10	2
3	1	4	2	4	2	14	9	8	0	0	0
3	2	4	4	2	1	14	10	8	8	2	1
3	1	4	2	2	4	14	11	10	2	10	0
3	2	4	1	2	4	14	10	8	9	10	0
3	1	2	4	4	3	12	9	10	8	0	0
3	4	1	2	4	3	14	10	3	2	0	0
3	2	4	1	4	2	14	11	8	1	0	0
3	2	1	4	4	2	12	10	9	8	0	0
3	2	2	4	4	1	14	10	10	8	0	1
3	4	2	1	2	3	12	8	3	1	0	0
3	2	4	2	4	3	14	10	8	0	0	0
3	2	4	4	1	3	12	10	8	0	0	0
3	4	1	2	4	1	14	8	3	0	0	0
3	2	4	2	4	1	14	10	8	10	8	0
3	1	4	2	4	1	14	11	8	2	0	0
3	2	1	4	4	3	12	11	9	8	8	0
3	2	4	1	4	2	12	10	8	0	8	0
3	4	2	2	1	4	14	10	2	0	9	0
3	2	4	2	4	1	14	10	8	11	9	1
3	4	2	1	4	2	14	10	2	0	10	2
3	4	4	2	2	1	14	10	10	2	2	1
3	2	4	2	1	4	14	10	8	0	1	8
3	2	4	1	2	4	14	10	8	9	0	8
3	2	4	2	4	1	14	10	8	11	8	0
3	2	1	4	2	4	14	10	11	8	10	0
3	4	4	2	1	2	14	10	11	2	0	0
3	4	2	1	4	3	12	8	0	0	0	0
3	4	2	1	4	2	14	8	2	0	0	0
3	4	2	1	4	1	12	8	0	1	0	0
3	4	2	2	1	4	14	10	2	0	1	8
3	2	4	1	2	3	14	10	8	0	0	0
3	2	2	1	4	4	14	10	11	9	8	8
3	1	2	4	3	4	14	11	10	8	0	0
3	2	1	4	4	2	14	10	9	8	8	2
3	2	2	4	4	1	14	10	10	8	9	0
3	2	4	2	1	4	14	10	8	0	9	0
3	4	2	4	2	1	14	10	2	10	0	1
3	2	4	4	1	2	14	10	8	9	3	2
3	4	2	4	2	1	14	10	2	8	0	0
3	4	2	4	2	1	14	10	2	9	2	1
3	4	4	1	2	2	14	10	11	3	2	0
3	4	2	4	3	1	14	10	2	0	0	0
3	2	4	2	1	4	14	10	8	3	0	0
3	2	4	1	4	2	14	10	8	3	0	2
3	2	4	1	4	3	12	10	8	0	8	0
3	2	4	1	4	2	12	10	8	1	8	0
3	2	4	4	1	2	14	10	8	8	1	2
3	2	4	1	2	4	14	10	8	9	2	8
3	4	4	2	1	2	14	10	10	2	0	0
3	2	2	4	4	1	14	10	11	8	8	0
3	2	2	4	1	4	14	10	11	8	9	8
3	4	2	1	4	2	14	10	2	1	8	0
3	2	4	4	1	3	12	10	8	9	1	0
3	2	1	4	4	1	12	11	9	8	8	0
3	4	2	4	1	2	14	10	2	8	1	2
3	2	4	4	1	2	12	10	8	9	1	0
3	1	2	4	4	3	14	11	10	8	0	0
3	4	2	1	2	4	14	10	2	9	2	0
3	2	4	2	4	1	14	10	8	2	8	1
3	1	4	2	4	3	12	9	8	0	0	0
3	4	2	2	4	1	14	10	2	2	8	0
3	2	4	1	4	3	12	10	8	9	0	0
3	4	2	4	1	2	14	10	2	9	0	2
3	2	4	1	2	4	14	10	8	1	10	0
3	4	2	4	1	2	14	10	2	10	0	2
3	4	2	1	2	4	14	10	2	9	10	8
3	4	2	4	3	2	14	10	2	0	0	0
3	4	4	1	3	2	12	8	0	0	0	0
3	2	4	2	4	1	14	10	8	3	0	1
3	4	2	4	2	1	14	10	2	11	3	0
3	2	4	3	1	2	14	10	8	0	0	0
3	1	4	2	4	1	12	11	8	2	0	0
3	4	1	2	4	2	12	8	3	0	0	0
3	2	4	2	4	1	14	10	8	2	0	1
3	4	4	2	2	1	14	10	11	2	2	0
3	1	2	4	4	2	14	11	10	8	8	2
3	2	4	2	1	4	14	10	8	10	9	0
3	2	4	1	4	1	14	10	8	0	0	0
3	2	4	1	4	2	14	10	8	0	0	2
3	2	2	4	4	1	14	10	11	8	9	1
3	4	2	2	4	1	14	10	2	2	0	1
3	2	4	1	4	2	14	10	8	11	0	0
3	1	4	2	3	4	12	9	8	2	0	0
3	2	1	4	4	3	12	11	9	8	0	0
3	4	2	1	2	4	14	10	2	3	0	0
3	4	2	1	4	1	14	8	2	1	0	0
3	2	4	1	2	4	14	10	8	11	0	8
3	4	2	2	4	3	14	10	2	0	0	0
3	4	1	2	4	1	12	8	3	0	0	0
3	2	4	1	3	4	12	10	8	1	0	0
3	4	2	1	2	4	14	10	2	0	10	0
3	4	1	2	4	2	14	10	3	2	0	0
3	1	4	2	3	4	12	11	8	2	0	0
3	2	1	4	4	2	14	10	11	8	10	2
3	2	4	2	1	4	14	10	8	10	0	8
3	2	4	4	2	1	14	10	8	8	3	1
3	2	2	4	1	4	14	10	10	8	9	0
3	2	4	1	4	2	14	10	8	1	8	0
3	4	1	2	4	3	12	8	1	2	0	0
3	4	2	1	4	1	14	8	0	0	0	0
3	2	1	4	4	1	12	10	9	8	0	0
3	2	4	1	2	4	14	10	8	0	10	0
3	2	4	1	2	4	14	10	8	3	2	8
3	4	2	4	2	1	14	10	2	8	0	1
3	4	2	1	4	2	14	10	2	9	8	0
3	2	4	1	4	3	12	10	8	9	8	0
3	4	2	1	4	3	14	8	3	0	0	0
3	2	4	4	1	2	14	10	8	0	3	0
3	2	4	4	2	1	14	10	8	8	3	0
3	4	2	1	4	1	14	8	2	0	0	0
3	2	4	4	2	1	14	10	8	10	3	0
3	4	2	1	2	4	12	8	3	1	0	0
3	2	4	1	2	4	14	10	8	1	2	0
3	4	2	4	1	2	14	10	2	0	3	2
3	4	2	1	3	2	12	8	3	1	0	0
3	4	2	4	1	2	14	10	2	10	1	2
3	4	2	1	4	2	14	10	2	0	8	0
3	4	2	4	1	2	14	10	2	11	1	0
3	2	4	1	3	4	12	11	8	1	0	0
3	2	4	1	2	4	14	10	8	0	0	0
3	4	3	4	2	1	12	8	0	0	0	0
3	2	4	1	2	4	14	10	8	3	0	8
3	4	4	3	1	2	12	8	0	0	0	0
3	4	2	1	4	3	12	8	2	0	0	0
3	2	2	4	1	4	14	10	11	8	0	8
3	1	4	2	4	2	14	9	8	2	0	0
3	4	1	2	4	3	14	8	0	2	0	0
3	4	2	1	4	2	14	10	2	9	8	2
3	2	1	4	4	3	14	10	9	8	0	0
3	4	1	2	4	2	14	8	3	0	0	0
3	2	1	4	4	3	12	10	9	8	0	0
3	2	4	2	4	1	14	10	8	3	9	1
3	2	1	4	2	3	14	10	9	8	0	0
3	4	2	1	2	4	14	10	2	0	0	0
3	4	2	4	1	2	14	10	2	10	3	0
3	4	1	2	4	1	14	8	1	0	0	0
3	1	2	4	4	2	12	9	10	8	8	0
3	1	2	4	2	3	14	11	10	8	0	0
3	2	4	4	2	1	14	10	8	8	2	0
3	2	2	4	1	4	14	10	10	8	0	0
3	2	4	2	4	1	14	10	8	11	0	1
3	4	2	1	3	4	14	10	2	0	0	0
3	4	2	2	1	4	14	10	2	11	9	8
