3	2	2	4	1	1	15	11	11	9	1	1
3	4	2	1	4	2	15	11	3	1	11	2
4	2	1	3	4	3	8	3	0	0	0	0
3	4	1	2	1	4	15	11	3	2	1	0
3	1	4	2	4	1	15	11	8	2	0	0
4	2	3	1	4	2	8	7	4	1	0	0
3	4	1	2	4	3	15	11	3	2	0	0
3	2	1	4	2	4	15	11	9	8	11	8
4	1	2	3	4	1	8	1	6	0	0	0
3	1	4	4	2	1	15	11	10	10	2	0
4	1	3	2	4	3	8	7	0	2	0	0
3	4	1	2	2	1	15	11	3	2	11	9
4	3	1	2	4	1	8	5	1	0	0	0
3	1	2	1	4	2	15	11	10	11	8	2
4	2	3	1	4	3	8	7	4	1	0	0
3	1	4	2	4	2	15	11	10	2	10	2
3	4	2	1	1	4	15	11	3	1	3	8
2	1	4	3	4	1	11	9	8	4	0	0
4	1	2	3	4	2	8	3	0	4	0	0
3	2	4	1	4	1	15	11	9	1	10	1
2	3	1	4	4	3	11	12	9	8	0	0
3	4	1	2	4	1	15	8	3	2	0	0
4	3	1	2	4	3	8	4	1	2	0	0
4	2	1	3	4	2	8	6	1	0	0	0
4	3	1	2	4	2	8	4	3	2	0	0
3	1	2	4	1	2	15	11	10	8	3	0
3	2	4	1	2	4	15	11	9	1	3	9
4	3	1	2	4	1	8	5	1	2	0	0
3	2	1	4	1	2	15	11	9	8	3	2
4	2	1	3	4	3	8	2	1	4	0	0
4	2	1	3	4	2	8	0	5	0	0	0
4	2	1	3	4	2	8	2	1	4	0	0
3	4	2	1	2	4	15	11	3	1	2	8
4	2	3	1	4	3	8	0	5	1	0	0
3	1	4	2	1	4	15	11	10	2	0	10
3	4	2	1	2	1	15	11	3	1	10	0
3	1	4	2	4	2	15	11	10	2	9	2
3	2	4	1	1	4	15	11	9	1	11	8
4	2	3	1	4	1	8	2	5	1	0	0
3	4	1	2	4	1	15	8	0	0	0	0
3	1	2	4	2	3	15	11	10	8	0	0
3	1	4	1	2	2	15	11	10	11	2	0
3	1	4	1	2	2	15	11	10	3	2	0
4	3	1	2	4	1	8	0	0	2	0	0
3	1	4	2	2	1	15	11	10	2	2	0
4	2	3	1	4	3	8	3	4	1	0	0
4	2	3	4	1	3	8	6	0	0	0	0
3	4	1	2	4	1	15	11	3	2	0	1
3	4	1	2	2	4	15	11	3	2	11	0
4	1	2	3	4	2	8	1	0	0	0	0
4	2	1	3	4	1	8	3	5	0	0	0
4	3	1	2	4	3	8	0	0	0	0	0
3	4	1	2	2	4	15	11	3	2	3	8
3	1	4	2	1	4	15	11	10	2	3	0
4	3	1	4	2	3	8	4	0	0	0	0
2	4	1	3	4	3	11	8	1	4	0	0
4	2	3	1	4	1	8	6	4	1	0	0
3	4	1	2	4	2	15	11	3	2	8	0
3	1	4	2	1	2	15	11	10	2	11	2
4	1	2	3	4	1	8	5	0	0	0	0
4	2	1	3	4	1	8	0	0	4	0	0
4	2	1	3	4	1	8	3	1	4	0	0
4	3	2	1	4	3	8	5	3	0	0	0
3	2	1	4	4	1	15	11	9	8	8	0
3	4	2	1	4	1	15	8	3	0	0	0
3	1	2	4	1	4	15	11	10	8	11	8
4	2	3	1	4	3	8	3	5	1	0	0
3	1	2	4	2	4	15	11	10	8	3	9
3	2	4	1	4	2	15	11	9	1	0	2
3	4	1	2	2	4	15	11	3	2	11	8
3	2	4	1	4	2	15	11	8	0	0	0
3	2	1	4	3	4	15	11	9	8	0	0
4	3	2	1	4	1	8	6	0	0	0	0
4	2	1	3	4	1	8	3	0	4	0	0
3	4	1	2	4	2	15	8	3	0	0	0
3	4	1	2	4	3	15	8	0	2	0	0
3	1	4	2	1	2	15	11	10	2	3	10
4	3	2	1	4	2	8	0	0	0	0	0
3	1	2	4	4	2	15	11	10	8	9	2
3	1	4	1	4	2	15	11	10	3	10	2
3	1	4	2	2	1	15	11	10	2	0	9
3	2	4	4	1	1	15	11	9	9	1	1
4	1	3	2	4	3	8	7	6	2	0	0
4	2	3	1	4	3	8	2	4	0	0	0
3	4	1	2	4	2	15	8	3	2	0	0
3	2	1	4	1	2	15	11	9	8	1	10
4	2	3	1	4	3	8	7	4	0	0	0
3	1	2	4	4	3	15	11	10	8	0	0
3	1	2	4	2	4	15	11	10	8	2	9
4	3	1	2	4	1	8	6	0	2	0	0
3	4	1	2	4	1	15	11	3	2	9	0
4	3	2	1	4	3	8	4	0	0	0	0
4	3	2	1	4	1	8	6	0	1	0	0
3	4	2	1	1	2	15	11	3	1	1	0
3	4	2	1	4	1	15	11	3	1	11	1
3	4	1	2	4	1	15	11	3	2	8	1
3	1	2	2	4	1	15	11	10	11	8	9
4	2	3	1	4	3	8	0	5	0	0	0
4	3	2	1	4	2	8	5	3	1	0	0
4	1	3	2	4	3	8	3	0	0	0	0
3	1	4	2	1	4	15	11	10	2	0	8
4	2	1	3	4	2	8	0	0	4	0	0
3	4	2	1	2	1	15	11	3	1	10	1
3	2	1	2	4	1	15	11	9	10	8	1
3	4	1	1	2	4	15	11	3	3	2	10
3	2	1	4	4	1	15	10	9	8	0	0
2	4	3	1	4	1	11	8	0	0	0	0
4	3	1	2	4	3	8	4	3	0	0	0
3	1	2	2	4	1	15	11	10	10	8	0
3	1	2	4	2	1	15	11	10	8	10	0
3	2	1	2	4	1	15	11	9	10	8	0
4	3	2	1	4	3	8	0	0	0	0	0
3	1	2	4	4	2	15	11	10	8	10	3
3	4	1	2	4	1	15	8	3	0	0	0
4	2	1	3	4	3	8	0	5	0	0	0
3	4	1	2	1	2	15	11	3	2	1	10
4	3	1	2	4	2	8	5	3	2	0	0
3	4	2	1	2	1	15	11	3	1	11	0
3	4	2	1	1	4	15	11	3	1	9	8
2	3	1	4	4	1	11	13	9	8	0	0
3	2	4	1	1	4	15	11	9	1	0	8
3	2	4	2	1	1	15	11	9	11	1	1
3	2	1	4	2	1	15	11	9	8	0	1
3	4	1	2	4	2	15	8	0	2	0	0
3	2	4	1	4	1	15	11	9	1	10	3
3	4	1	2	1	4	15	11	3	2	3	10
4	3	2	1	4	2	8	4	0	0	0	0
4	1	3	2	4	1	8	0	4	2	0	0
4	1	2	3	4	1	8	3	2	0	0	0
4	2	3	1	4	2	8	6	5	0	0	0
3	2	4	1	2	4	15	11	9	1	11	0
4	3	1	2	4	1	8	0	0	0	0	0
3	2	4	1	1	2	15	11	9	1	3	0
3	4	1	2	2	1	15	11	3	2	11	0
3	4	2	1	1	4	15	11	3	1	0	0
3	4	2	1	2	1	15	11	3	1	11	1
3	1	2	4	4	1	15	11	10	8	10	1
2	1	3	4	4	3	11	13	12	8	0	0
3	4	2	1	4	1	15	8	2	0	0	0
3	4	1	2	2	4	15	11	3	2	3	9
4	1	3	2	4	1	8	3	4	2	0	0
4	1	2	3	4	2	8	7	0	0	0	0
3	2	1	4	2	1	15	11	9	8	3	1
3	4	2	1	1	2	15	11	3	1	3	0
3	4	2	1	4	1	15	11	3	1	10	3
3	4	1	2	4	2	15	11	3	2	0	3
3	2	4	4	2	1	15	11	9	9	3	1
2	4	3	1	4	3	11	8	0	0	0	0
3	4	1	2	4	2	15	11	3	2	9	2
4	3	2	1	4	3	8	5	2	0	0	0
3	2	1	4	4	2	15	11	9	8	11	2
3	2	4	1	4	1	15	11	9	1	0	3
3	4	1	4	2	2	15	11	3	11	2	3
3	2	1	1	2	4	15	11	9	9	10	8
3	4	2	1	4	1	15	8	3	1	0	0
3	4	1	2	4	1	15	11	3	2	10	0
4	3	1	2	4	2	8	6	0	2	0	0
3	4	2	1	4	1	15	11	3	1	9	1
3	1	4	2	2	4	15	11	10	2	10	9
3	4	1	2	2	1	15	11	3	2	10	9
3	4	1	2	4	1	15	11	3	2	0	0
4	1	2	3	4	2	8	7	2	4	0	0
3	2	4	1	2	1	15	11	9	1	0	9
3	4	1	4	2	1	15	11	3	11	2	3
4	3	1	2	4	3	8	5	0	0	0	0
3	2	4	1	2	4	15	11	9	1	3	8
2	4	3	1	4	2	11	8	0	0	0	0
3	1	4	2	4	2	15	11	10	2	11	2
3	2	1	1	4	4	15	11	9	9	8	0
2	3	1	4	4	1	11	12	9	8	0	0
3	1	2	4	1	4	15	11	10	8	1	10
4	2	3	1	4	2	8	0	0	0	0	0
4	3	1	2	4	1	8	5	0	0	0	0
3	2	4	2	1	1	15	11	9	3	1	9
4	1	2	3	4	3	8	7	2	4	0	0
3	1	2	4	2	4	15	11	10	8	0	8
4	1	3	2	4	3	8	5	4	2	0	0
4	1	3	2	4	3	8	1	0	2	0	0
3	1	2	2	4	1	15	11	10	10	8	9
3	4	1	1	2	2	15	11	3	11	2	2
3	4	1	2	4	1	15	11	3	2	9	1
3	1	4	2	4	2	15	11	10	2	8	3
3	2	1	4	1	4	15	11	9	8	3	8
4	3	2	1	4	1	8	7	0	1	0	0
3	2	4	1	1	4	15	11	9	1	9	10
3	1	4	2	1	2	15	11	10	2	1	10
4	1	2	3	4	1	8	0	0	4	0	0
4	1	2	3	4	3	8	1	6	4	0	0
4	1	2	3	4	2	8	3	6	4	0	0
4	2	1	3	4	2	8	3	0	0	0	0
4	2	3	1	4	3	8	2	4	1	0	0
3	1	4	2	2	1	15	11	10	2	3	0
3	2	1	2	1	4	15	11	9	10	9	8
3	4	2	1	4	2	15	11	3	1	9	0
3	2	1	4	2	4	15	11	9	8	10	9
4	3	2	1	4	3	8	0	2	0	0	0
4	2	1	3	4	3	8	6	0	4	0	0
3	2	1	4	1	4	15	11	9	8	3	10
3	2	4	1	4	1	15	11	8	0	0	0
3	4	1	4	2	2	15	11	3	11	2	2
2	1	3	4	4	1	11	9	12	8	0	0
3	4	2	1	2	1	15	11	3	1	2	0
3	2	4	1	4	1	15	11	9	1	8	3
3	2	1	4	1	4	15	11	9	8	11	0
4	3	2	1	4	1	8	0	2	1	0	0
3	2	4	1	2	4	15	11	9	1	0	0
3	4	1	2	4	1	15	11	3	2	8	0
3	4	1	1	2	4	15	11	3	11	2	0
3	2	4	1	4	2	15	11	9	1	9	3
3	4	1	1	2	2	15	11	3	3	2	10
4	2	3	1	4	2	8	7	5	0	0	0
3	2	4	1	1	2	15	11	9	1	1	0
3	4	2	1	2	1	15	11	3	1	2	9
3	4	2	1	2	1	15	11	3	1	3	0
3	2	1	4	2	1	15	11	9	8	0	0
4	2	3	1	4	1	8	7	0	0	0	0
2	3	4	1	4	1	11	13	8	0	0	0
4	2	1	3	4	3	8	6	1	4	0	0
3	1	2	4	2	4	15	11	10	8	10	8
3	4	2	1	2	4	15	11	3	1	2	9
3	4	2	1	4	3	15	8	0	1	0	0
3	2	4	2	1	4	15	11	9	11	1	8
3	1	2	4	4	2	15	11	10	8	11	3
4	2	3	1	4	3	8	3	0	1	0	0
3	2	1	1	4	4	15	11	9	11	8	0
3	2	1	4	4	1	15	11	9	8	10	0
4	2	1	3	4	1	8	0	0	0	0	0
3	2	1	4	2	1	15	11	9	8	11	1
3	2	4	1	4	2	15	11	9	1	10	3
4	1	3	2	4	1	8	1	0	2	0	0
3	4	2	2	1	1	15	11	3	3	1	9
4	2	3	1	4	2	8	3	0	0	0	0
4	1	3	2	4	1	8	5	0	2	0	0
3	1	4	2	2	1	15	11	10	2	3	1
3	1	4	2	1	2	15	11	10	2	9	0
4	2	1	3	4	2	8	0	1	4	0	0
4	2	3	1	4	1	8	3	4	0	0	0
4	3	2	4	1	3	8	6	0	0	0	0
4	1	3	2	4	2	8	7	4	0	0	0
4	3	1	2	4	3	8	7	0	0	0	0
4	1	2	3	4	1	8	1	6	4	0	0
4	2	3	1	4	3	8	7	0	1	0	0
3	1	4	2	1	2	15	11	10	2	1	2
4	3	2	1	4	2	8	7	0	1	0	0
3	2	4	1	2	1	15	11	9	1	3	9
3	4	2	4	2	1	15	11	3	11	3	1
4	2	3	1	4	3	8	7	5	1	0	0
3	1	4	2	4	1	15	9	8	2	0	0
3	1	2	4	1	2	15	11	10	8	9	10
2	4	3	1	4	2	11	8	0	1	0	0
4	2	3	1	4	2	8	2	0	0	0	0
4	2	3	1	4	1	8	7	0	1	0	0
3	1	4	2	4	2	15	11	10	2	10	3
4	1	2	3	4	1	8	5	6	0	0	0
3	1	4	2	3	2	15	11	10	2	0	0
3	2	4	1	4	2	15	11	8	1	0	0
3	2	1	1	2	4	15	11	9	11	10	8
4	3	1	2	4	3	8	7	0	2	0	0
3	4	2	1	4	2	15	8	0	1	0	0
3	1	2	4	1	4	15	11	10	8	0	8
3	4	2	1	2	1	15	11	3	1	0	1
2	3	4	1	4	3	11	12	8	0	0	0
4	3	2	1	4	3	8	7	0	1	0	0
3	1	2	1	4	2	15	11	10	9	8	10
3	2	4	1	4	1	15	11	9	1	8	0
3	2	1	1	4	4	15	11	9	9	8	8
4	2	3	1	4	3	8	3	0	0	0	0
3	4	2	4	1	1	15	11	3	11	1	1
4	2	1	3	4	3	8	3	0	4	0	0
3	1	4	2	2	1	15	11	10	2	0	1
3	4	2	2	1	1	15	11	3	11	1	0
4	3	1	2	4	1	8	7	3	0	0	0
3	4	2	1	4	2	15	11	3	1	9	3
4	3	2	1	4	2	8	6	2	1	0	0
3	1	4	2	2	4	15	11	10	2	11	8
3	1	1	4	2	2	15	11	11	10	2	2
4	2	3	1	4	3	8	0	0	0	0	0
4	1	3	2	4	1	8	0	0	0	0	0
3	2	1	2	4	4	15	11	9	10	8	0
3	4	1	2	1	2	15	11	3	2	9	10
3	1	2	4	4	1	15	11	10	8	8	1
4	3	1	2	4	1	8	6	3	2	0	0
3	2	1	4	4	2	15	11	9	8	0	3
3	2	4	1	2	4	15	11	9	1	2	8
3	4	1	2	1	4	15	11	3	2	0	10
3	2	4	1	2	1	15	11	9	1	2	9
3	2	4	1	4	1	15	11	9	1	9	0
3	2	4	2	1	4	15	11	9	3	1	9
3	4	2	1	4	1	15	11	3	1	10	0
3	4	2	1	4	1	15	11	3	1	10	1
4	1	3	2	4	2	8	3	4	0	0	0
4	3	2	1	4	3	8	4	0	1	0	0
4	2	3	1	4	2	8	2	4	0	0	0
3	1	2	2	4	1	15	11	10	11	8	0
3	4	2	1	4	2	15	11	3	1	0	3
3	4	1	2	2	4	15	11	3	2	10	9
3	2	1	4	1	2	15	11	9	8	9	10
4	1	3	2	4	3	8	1	0	0	0	0
3	1	4	2	4	3	15	11	8	0	0	0
4	3	2	1	4	3	8	7	0	0	0	0
4	2	3	1	4	3	8	6	0	1	0	0
4	3	2	1	4	3	8	6	0	0	0	0
3	1	2	4	3	2	15	11	10	8	0	0
3	1	4	2	1	2	15	11	10	2	0	10
4	1	3	2	4	2	8	7	0	0	0	0
3	1	2	2	4	1	15	11	10	10	8	1
3	4	1	2	2	1	15	11	3	2	2	0
3	4	1	2	4	3	15	8	1	2	0	0
4	1	3	2	4	3	8	7	4	0	0	0
3	4	2	1	4	3	15	8	3	0	0	0
4	1	3	2	4	3	8	1	4	2	0	0
3	2	4	1	1	2	15	11	9	1	1	10
3	1	2	2	1	4	15	11	10	10	9	8
3	4	2	1	1	4	15	11	3	1	11	8
4	3	2	1	4	2	8	6	2	0	0	0
4	1	2	3	4	3	8	1	6	0	0	0
3	4	2	4	1	2	15	11	3	11	1	2
4	1	3	2	4	3	8	0	4	0	0	0
2	1	3	4	4	1	11	13	12	8	0	0
4	3	2	1	4	2	8	0	3	1	0	0
3	2	4	4	1	2	15	11	9	9	1	3
3	4	2	1	4	2	15	11	3	1	10	2
3	4	4	2	1	1	15	11	11	3	1	1
2	4	1	3	4	1	11	8	5	0	0	0
4	1	3	2	4	2	8	3	0	0	0	0
4	1	3	2	4	3	8	0	4	2	0	0
4	1	3	2	4	1	8	5	4	0	0	0
2	4	1	3	4	2	11	8	5	0	0	0
3	2	1	2	1	4	15	11	9	11	9	8
3	2	4	1	2	1	15	11	9	1	11	0
4	1	2	3	4	1	8	3	6	4	0	0
3	4	1	1	2	4	15	11	3	3	2	8
2	4	3	1	4	3	11	8	4	0	0	0
3	1	2	4	1	2	15	11	10	8	11	2
3	4	2	1	3	2	15	11	3	1	0	0
3	4	2	2	1	4	15	11	3	11	1	8
4	1	2	3	4	3	8	3	6	0	0	0
3	4	1	2	2	1	15	11	3	2	0	0
3	4	1	2	4	1	15	11	3	2	11	3
4	3	1	2	4	3	8	5	0	2	0	0
4	3	1	2	4	2	8	7	1	0	0	0
4	2	3	1	4	2	8	6	4	1	0	0
4	2	1	3	4	1	8	3	0	0	0	0
3	4	2	1	1	2	15	11	3	1	3	10
4	2	1	3	4	2	8	0	1	0	0	0
3	1	2	2	4	4	15	11	10	10	8	8
4	3	2	1	4	1	8	4	2	0	0	0
3	2	4	1	1	2	15	11	9	1	11	2
4	3	2	4	1	2	8	4	0	0	0	0
4	1	2	3	4	1	8	0	2	4	0	0
4	3	2	4	1	2	8	0	0	0	0	0
3	1	1	4	2	4	15	11	11	10	2	10
4	3	2	1	4	2	8	7	0	0	0	0
2	3	4	1	4	1	11	13	8	1	0	0
3	1	2	4	4	1	15	11	10	8	10	0
2	4	1	3	4	2	11	8	0	4	0	0
3	2	1	4	4	2	15	11	9	8	8	0
3	1	2	4	2	4	15	11	10	8	3	0
3	1	2	4	4	2	15	11	10	8	8	0
3	1	4	2	2	4	15	11	10	2	2	8
3	2	2	1	4	1	15	11	11	9	8	0
4	3	1	2	4	2	8	5	1	0	0	0
4	1	3	2	4	1	8	7	0	0	0	0
3	4	2	1	2	1	15	11	3	1	3	9
3	4	2	1	2	4	15	11	3	1	10	8
3	4	2	1	2	1	15	11	3	1	11	9
4	3	1	2	4	3	8	6	3	2	0	0
4	3	2	1	4	2	8	0	2	1	0	0
3	4	1	4	2	2	15	11	3	10	2	3
3	1	2	4	1	3	15	11	10	8	0	0
4	3	1	2	4	3	8	7	3	0	0	0
4	3	2	1	4	3	8	5	0	1	0	0
4	1	2	3	4	3	8	0	0	0	0	0
3	1	4	2	4	1	15	11	10	2	11	0
3	4	1	2	1	4	15	11	3	2	3	8
3	4	1	2	1	2	15	11	3	2	3	10
3	2	1	4	4	2	15	11	9	8	8	2
4	3	2	1	4	1	8	6	3	1	0	0
4	1	2	3	4	1	8	5	2	4	0	0
3	1	4	2	4	2	15	11	10	2	11	0
3	4	1	2	3	4	15	11	3	2	0	0
2	1	4	3	4	3	11	13	8	4	0	0
2	4	1	3	4	2	11	8	1	4	0	0
4	1	3	2	4	2	8	3	6	0	0	0
4	2	1	3	4	1	8	6	0	4	0	0
3	1	2	4	2	1	15	11	10	8	3	0
3	4	1	2	4	1	15	11	3	2	10	1
3	4	2	1	1	2	15	11	3	1	1	2
3	4	2	4	1	1	15	11	3	9	1	3
4	2	1	3	4	2	8	6	5	0	0	0
4	2	3	1	4	3	8	7	5	0	0	0
4	2	3	1	4	2	8	0	4	0	0	0
4	1	2	3	4	2	8	1	2	4	0	0
4	2	3	1	4	1	8	2	0	1	0	0
3	2	1	4	1	2	15	11	9	8	11	10
3	1	4	2	1	4	15	11	10	2	1	8
3	1	4	2	4	3	15	11	10	2	0	0
3	2	1	1	4	2	15	11	9	11	8	0
4	2	1	3	4	3	8	2	0	0	0	0
3	2	1	4	4	2	15	11	9	8	11	0
3	1	4	4	2	2	15	11	10	10	2	3
3	2	4	2	1	1	15	11	9	11	1	0
3	2	4	1	4	2	15	11	9	1	9	2
4	2	3	1	4	2	8	3	5	1	0	0
4	2	1	3	4	1	8	2	1	0	0	0
4	2	1	3	4	3	8	2	5	0	0	0
4	3	1	2	4	3	8	7	1	0	0	0
3	4	1	2	4	2	15	11	3	2	9	0
3	2	2	4	4	1	15	11	11	9	9	1
3	4	1	2	4	2	15	11	3	2	10	0
4	1	2	3	4	2	8	0	0	4	0	0
4	1	3	2	4	2	8	7	6	0	0	0
3	2	4	4	1	2	15	11	9	11	1	3
3	2	1	4	2	4	15	11	9	8	2	9
2	1	4	3	4	2	11	13	8	4	0	0
2	1	4	3	4	2	11	9	8	4	0	0
3	4	2	4	1	2	15	11	3	9	1	3
3	1	2	4	4	1	15	11	10	8	8	3
3	2	1	2	4	4	15	11	9	10	8	8
3	4	2	1	4	3	15	8	3	1	0	0
4	3	1	2	4	3	8	4	3	2	0	0
3	4	2	1	2	4	15	11	3	1	11	8
4	2	3	1	4	1	8	2	0	0	0	0
3	4	1	2	1	2	15	11	3	2	1	2
4	1	3	2	4	2	8	7	6	2	0	0
4	2	3	4	1	3	8	0	4	0	0	0
3	4	1	2	2	4	15	11	3	2	0	9
4	3	2	1	4	3	8	7	3	0	0	0
3	4	1	4	2	1	15	11	3	10	2	0
4	1	2	3	4	2	8	5	0	4	0	0
3	2	1	2	4	1	15	11	9	11	8	9
4	3	2	1	4	2	8	4	3	1	0	0
2	4	1	3	4	1	11	8	1	4	0	0
3	2	1	4	1	4	15	11	9	8	3	0
4	1	2	3	4	2	8	0	6	0	0	0
4	1	2	3	4	2	8	1	0	4	0	0
4	3	2	1	4	2	8	5	0	1	0	0
2	4	3	1	4	3	11	8	4	1	0	0
3	2	1	1	4	2	15	11	9	11	8	10
4	3	1	2	4	2	8	0	3	2	0	0
4	1	2	3	4	3	8	7	6	0	0	0
3	1	4	2	4	2	15	11	10	2	9	0
3	1	2	4	1	2	15	11	10	8	11	10
3	2	1	4	1	4	15	11	9	8	9	0
3	2	1	4	2	4	15	11	9	8	0	9
2	4	1	3	4	3	11	8	5	4	0	0
3	2	1	4	2	1	15	11	9	8	10	1
3	4	2	1	4	1	15	11	3	1	9	3
4	3	2	1	4	3	8	6	2	1	0	0
3	1	4	4	1	2	15	11	10	10	3	2
3	2	4	1	2	1	15	11	9	1	10	1
3	2	4	2	1	4	15	11	9	3	1	8
4	2	3	4	1	3	8	0	0	0	0	0
3	2	4	1	1	3	15	11	9	1	0	0
3	1	2	4	2	1	15	11	10	8	2	0
4	2	3	1	4	1	8	3	5	0	0	0
3	2	4	4	1	1	15	11	9	9	1	0
4	2	1	3	4	1	8	0	1	4	0	0
3	1	2	4	2	1	15	11	10	8	11	9
3	2	1	4	2	3	15	11	9	8	0	0
3	2	4	1	1	2	15	11	9	1	11	0
3	4	1	2	2	1	15	11	3	2	11	1
3	2	1	4	2	4	15	11	9	8	10	0
4	1	2	3	4	3	8	3	0	0	0	0
4	3	1	2	4	1	8	5	0	2	0	0
3	1	1	4	2	2	15	11	11	10	2	0
3	4	1	2	2	4	15	11	3	2	10	8
4	1	2	3	4	2	8	0	6	4	0	0
3	1	2	4	1	2	15	11	10	8	3	10
3	1	2	4	2	1	15	11	10	8	10	1
4	1	3	2	4	2	8	5	6	0	0	0
4	3	1	2	4	1	8	4	0	0	0	0
4	2	1	3	4	3	8	2	5	4	0	0
4	1	3	2	4	1	8	5	6	0	0	0
2	4	1	3	4	3	11	8	0	4	0	0
4	3	2	1	4	1	8	4	2	1	0	0
3	2	1	4	1	4	15	11	9	8	0	10
4	2	1	3	4	3	8	7	0	0	0	0
3	2	4	1	1	4	15	11	9	1	1	8
3	2	4	1	4	1	15	11	9	1	10	0
4	3	1	2	4	2	8	4	0	2	0	0
3	2	4	1	4	2	15	11	9	1	11	3
3	4	1	2	2	4	15	11	3	2	3	0
3	4	1	2	1	2	15	11	3	2	0	10
4	1	3	2	4	1	8	3	6	0	0	0
4	2	3	4	1	3	8	2	4	0	0	0
3	2	4	1	1	2	15	11	9	1	3	2
4	3	2	1	4	1	8	0	3	0	0	0
3	2	4	1	1	2	15	11	9	1	11	10
4	2	3	1	4	3	8	6	0	0	0	0
3	4	2	2	1	4	15	11	3	3	1	8
3	1	4	2	2	4	15	11	10	2	2	0
4	3	1	2	4	1	8	4	3	2	0	0
4	1	3	2	4	1	8	5	6	2	0	0
3	4	2	1	4	2	15	8	3	1	0	0
3	1	2	4	1	4	15	11	10	8	11	10
3	1	4	2	1	2	15	11	10	2	9	10
4	3	2	1	4	2	8	7	3	1	0	0
3	4	1	2	4	1	15	8	1	2	0	0
3	1	4	2	4	2	15	11	10	2	0	3
4	3	2	1	4	3	8	6	0	1	0	0
3	4	4	2	1	1	15	11	11	3	1	3
4	3	1	2	4	3	8	6	1	2	0	0
3	4	2	1	4	2	15	8	0	0	0	0
3	2	4	1	4	2	15	11	9	1	0	0
2	4	1	3	4	2	11	8	1	0	0	0
4	1	3	2	4	3	8	0	6	0	0	0
4	1	2	3	4	1	8	7	6	4	0	0
3	4	2	1	4	2	15	11	3	1	0	2
4	2	1	3	4	2	8	7	1	4	0	0
3	2	4	1	1	4	15	11	9	1	1	0
3	4	1	2	4	1	15	8	1	0	0	0
3	4	1	2	2	1	15	11	3	2	0	1
2	1	3	4	4	2	11	13	12	8	0	0
3	4	2	1	1	4	15	11	3	1	9	10
3	2	2	4	1	1	15	11	11	9	1	0
4	3	2	1	4	2	8	7	2	1	0	0
4	2	3	4	1	3	8	2	0	0	0	0
3	1	4	2	1	4	15	11	10	2	3	10
3	4	1	2	1	2	15	11	3	2	1	0
3	1	4	2	4	2	15	11	10	2	10	0
3	4	1	2	2	1	15	11	3	2	2	1
4	1	3	2	4	2	8	1	6	0	0	0
4	3	1	2	4	3	8	5	3	2	0	0
3	2	4	1	1	2	15	11	9	1	9	10
2	4	1	3	4	3	11	8	5	0	0	0
3	4	2	1	1	2	15	11	3	1	0	0
4	3	1	2	4	1	8	7	0	2	0	0
3	2	4	4	1	1	15	11	9	11	1	1
3	1	4	4	2	1	15	11	10	11	2	1
3	2	2	1	1	4	15	11	11	9	9	8
3	2	1	4	2	4	15	11	9	8	0	0
3	4	2	1	4	2	15	11	3	1	8	0
3	2	4	1	3	1	15	11	9	1	0	0
3	2	4	1	4	1	15	11	9	1	0	1
3	1	1	2	4	2	15	11	11	10	8	0
4	3	2	1	4	2	8	0	2	0	0	0
3	4	1	2	4	3	15	8	1	0	0	0
4	1	3	2	4	1	8	0	6	2	0	0
4	3	1	2	4	1	8	7	3	2	0	0
3	4	1	2	4	2	15	11	3	2	8	3
3	1	4	2	2	4	15	11	10	2	3	9
3	2	1	4	4	2	15	11	9	8	9	0
3	2	1	4	1	2	15	11	9	8	3	10
3	1	1	4	2	4	15	11	11	10	2	8
3	2	1	4	4	1	15	11	9	8	10	1
3	2	4	4	1	2	15	11	9	9	1	2
3	4	2	1	4	2	15	11	3	1	10	0
3	2	4	1	1	4	15	11	9	1	9	0
4	2	1	3	4	3	8	0	1	4	0	0
3	2	1	1	4	2	15	11	9	9	8	2
4	2	3	1	4	1	8	0	0	0	0	0
3	1	4	2	2	4	15	11	10	2	3	0
3	2	1	4	4	1	15	11	9	8	11	1
3	2	4	1	4	2	15	11	9	1	8	0
3	1	4	2	2	4	15	11	10	2	11	9
3	1	4	2	2	4	15	11	10	2	0	0
4	1	2	3	4	3	8	7	6	4	0	0
4	1	3	2	4	1	8	1	0	0	0	0
4	3	2	1	4	3	8	4	3	1	0	0
4	2	3	1	4	2	8	2	4	1	0	0
4	1	2	3	4	2	8	7	6	0	0	0
4	3	1	2	4	2	8	5	0	0	0	0
4	2	1	3	4	3	8	0	0	0	0	0
3	4	2	1	4	1	15	8	2	1	0	0
4	1	2	3	4	1	8	0	6	0	0	0
3	1	2	4	2	4	15	11	10	8	10	0
3	1	1	2	4	4	15	11	11	10	8	0
4	2	1	3	4	1	8	3	5	4	0	0
4	2	3	4	1	2	8	0	4	0	0	0
3	1	4	1	2	2	15	11	10	11	2	2
3	4	2	1	1	2	15	11	3	1	0	10
4	3	1	2	4	2	8	7	1	2	0	0
3	1	2	4	2	1	15	11	10	8	11	0
3	1	4	2	2	1	15	11	10	2	11	0
3	1	2	4	2	1	15	11	10	8	2	9
4	1	2	3	4	3	8	3	6	4	0	0
4	3	2	1	4	2	8	7	3	0	0	0
3	2	2	1	4	1	15	11	11	9	8	9
3	2	4	1	1	4	15	11	9	1	3	0
4	3	1	2	4	1	8	7	0	0	0	0
3	1	2	4	4	2	15	11	10	8	0	0
4	3	2	4	1	3	8	0	0	0	0	0
4	2	1	3	4	3	8	6	0	0	0	0
3	1	2	4	4	2	15	11	10	8	8	3
3	2	1	4	2	4	15	11	9	8	2	0
3	4	1	4	2	2	15	11	3	10	2	2
4	2	3	1	4	1	8	2	4	1	0	0
3	2	4	4	2	1	15	11	9	11	3	1
3	1	4	2	2	1	15	11	10	2	3	9
3	2	4	1	2	1	15	11	9	1	2	0
4	2	1	3	4	1	8	6	1	0	0	0
3	1	2	4	3	1	15	11	10	8	0	0
3	1	4	2	2	1	15	11	10	2	2	9
3	2	4	4	1	1	15	11	9	11	1	0
4	2	3	1	4	2	8	6	0	0	0	0
4	1	2	3	4	1	8	1	0	4	0	0
4	3	2	1	4	1	8	4	3	0	0	0
2	1	4	3	4	3	11	9	8	4	0	0
4	3	2	1	4	2	8	5	2	1	0	0
2	4	1	3	4	3	11	8	0	0	0	0
4	2	3	1	4	2	8	3	0	1	0	0
3	4	1	1	2	2	15	11	3	11	2	10
3	2	4	1	1	4	15	11	9	1	9	8
4	1	3	2	4	3	8	5	4	0	0	0
4	1	2	3	4	2	8	7	6	4	0	0
3	1	4	4	2	1	15	11	10	11	2	0
3	1	4	2	1	4	15	11	10	2	11	8
4	3	1	2	4	1	8	6	0	0	0	0
4	2	3	1	4	3	8	6	5	0	0	0
4	1	2	3	4	3	8	3	2	4	0	0
3	2	4	1	4	1	15	10	8	0	0	0
3	2	1	4	4	2	15	11	9	8	0	2
3	1	4	2	4	2	15	9	8	0	0	0
3	4	1	2	4	2	15	11	3	2	11	3
3	4	2	2	4	1	15	11	3	3	9	1
4	2	1	3	4	1	8	0	5	4	0	0
3	1	4	1	4	2	15	11	10	11	10	2
4	3	2	1	4	1	8	7	2	0	0	0
4	2	1	3	4	1	8	7	1	4	0	0
3	1	2	4	1	4	15	11	10	8	9	8
3	4	2	4	1	2	15	11	3	9	1	2
4	3	4	1	2	3	8	4	0	0	0	0
3	4	2	1	4	2	15	11	3	1	11	0
4	3	2	1	4	2	8	5	0	0	0	0
3	1	2	4	2	4	15	11	10	8	3	8
2	1	4	3	4	1	11	9	8	0	0	0
3	1	4	4	2	2	15	11	10	10	2	2
3	2	4	1	2	4	15	11	9	1	0	8
3	1	4	2	2	1	15	11	10	2	10	1
3	4	4	1	2	1	15	11	11	3	2	0
3	1	4	2	2	4	15	11	10	2	2	9
3	4	1	2	2	4	15	11	3	2	10	0
3	1	2	4	4	2	15	11	10	8	10	2
3	1	2	4	4	1	15	11	10	8	9	3
4	3	1	2	4	1	8	4	0	2	0	0
3	1	2	4	1	4	15	11	10	8	9	0
3	2	1	4	2	4	15	11	9	8	3	0
4	1	3	2	4	2	8	0	4	2	0	0
3	2	4	1	2	4	15	11	9	1	10	8
4	2	1	3	4	1	8	3	1	0	0	0
4	1	3	2	4	1	8	7	6	0	0	0
3	4	4	2	2	1	15	11	11	3	3	1
3	1	4	2	2	3	15	11	10	2	0	0
3	1	2	1	4	4	15	11	10	9	8	8
4	3	2	1	4	3	8	4	3	0	0	0
4	2	1	3	4	1	8	7	1	0	0	0
3	1	2	4	4	1	15	11	10	8	8	0
4	3	1	2	4	2	8	4	0	0	0	0
3	1	2	4	1	4	15	11	10	8	3	0
3	4	2	1	2	4	15	11	3	1	3	8
4	2	1	3	4	1	8	0	5	0	0	0
3	2	2	1	4	4	15	11	11	9	8	9
4	3	1	2	4	1	8	4	1	0	0	0
3	1	2	1	2	4	15	11	10	11	10	8
3	2	4	1	4	2	15	10	8	1	0	0
3	2	1	4	4	1	15	11	9	8	9	3
3	2	4	1	2	4	15	11	9	1	10	9
4	1	3	2	4	3	8	5	0	0	0	0
3	2	1	4	1	2	15	11	9	8	9	0
4	2	3	1	4	1	8	0	5	1	0	0
4	2	3	1	4	2	8	6	4	0	0	0
3	2	4	2	1	4	15	11	9	11	1	9
3	4	2	1	1	4	15	11	3	1	1	10
4	2	3	1	4	3	8	6	5	1	0	0
4	3	1	2	4	3	8	4	1	0	0	0
3	2	1	4	1	4	15	11	9	8	1	8
3	4	2	2	1	4	15	11	3	3	1	9
3	2	1	1	4	4	15	11	9	11	8	10
3	4	2	2	1	1	15	11	3	3	1	0
3	4	1	2	4	3	15	8	3	0	0	0
3	1	2	1	4	2	15	11	10	9	8	2
4	2	3	1	4	2	8	7	0	1	0	0
3	2	1	4	4	2	15	11	9	8	10	2
3	4	2	1	4	2	15	11	3	1	10	3
4	1	2	3	4	3	8	0	2	0	0	0
4	3	1	2	4	2	8	5	0	2	0	0
4	3	1	2	4	2	8	7	0	0	0	0
4	2	3	1	4	2	8	6	0	1	0	0
3	1	4	2	1	4	15	11	10	2	1	10
4	3	2	1	4	1	8	5	0	0	0	0
3	1	4	2	1	4	15	11	10	2	9	8
3	4	2	1	2	4	15	11	3	1	2	0
3	1	2	4	4	2	15	11	10	8	0	2
3	4	1	2	1	2	15	11	3	2	9	0
3	4	4	1	2	1	15	11	11	3	2	1
3	2	4	1	3	4	15	11	9	1	0	0
3	4	1	2	4	2	15	8	0	0	0	0
4	3	1	2	4	3	8	7	1	2	0	0
4	1	2	3	4	2	8	3	2	4	0	0
4	1	2	3	4	3	8	1	2	4	0	0
4	3	2	1	4	3	8	0	3	1	0	0
4	2	1	3	4	2	8	2	0	4	0	0
3	4	2	1	2	4	15	11	3	1	0	9
3	4	4	2	1	2	15	11	11	3	1	3
3	2	1	4	2	1	15	11	9	8	3	0
3	1	4	2	1	2	15	11	10	2	0	0
3	4	2	1	2	1	15	11	3	1	0	9
3	2	1	4	1	2	15	11	9	8	11	2
4	1	2	3	4	3	8	1	0	4	0	0
4	1	2	3	4	3	8	1	2	0	0	0
4	2	1	3	4	3	8	7	0	4	0	0
3	2	4	1	4	1	15	11	8	1	0	0
4	1	3	2	4	1	8	0	4	0	0	0
3	4	2	1	4	2	15	8	3	0	0	0
3	1	2	4	1	2	15	11	10	8	1	0
3	2	4	1	1	4	15	11	9	1	0	10
3	4	1	2	2	4	15	11	3	2	0	0
3	4	1	2	4	1	15	11	3	2	8	3
4	2	1	3	4	1	8	7	0	4	0	0
4	3	2	1	4	1	8	6	2	1	0	0
3	2	1	4	3	1	15	11	9	8	0	0
3	2	1	4	2	4	15	11	9	8	3	9
3	4	1	2	2	4	15	11	3	2	2	8
4	1	3	2	4	1	8	0	6	0	0	0
4	2	1	3	4	1	8	2	5	4	0	0
3	1	4	2	4	2	15	11	10	2	0	2
3	4	2	2	1	4	15	11	3	11	1	0
3	2	4	2	1	1	15	11	9	3	1	1
4	1	3	2	4	1	8	7	0	2	0	0
4	1	2	3	4	2	8	7	2	0	0	0
4	1	3	2	4	3	8	7	6	0	0	0
4	1	2	3	4	2	8	5	6	0	0	0
4	3	2	1	4	3	8	6	3	1	0	0
2	3	4	1	4	2	11	12	8	0	0	0
4	1	2	3	4	3	8	1	0	0	0	0
4	3	1	2	4	2	8	4	1	0	0	0
4	3	1	2	4	2	8	5	1	2	0	0
3	2	4	1	4	1	15	11	9	1	11	0
4	3	2	4	1	3	8	0	2	0	0	0
4	2	3	1	4	1	8	7	5	1	0	0
4	3	2	1	4	2	8	6	0	0	0	0
4	1	2	3	4	1	8	1	2	0	0	0
3	1	4	2	1	4	15	11	10	2	9	10
4	1	3	2	4	1	8	3	0	2	0	0
4	2	1	3	4	2	8	3	1	4	0	0
3	1	4	2	4	1	15	11	10	2	10	3
4	3	2	1	4	3	8	7	2	0	0	0
3	4	4	1	2	1	15	11	11	3	2	3
3	4	1	2	4	1	15	11	3	2	11	0
4	3	2	1	4	3	8	6	2	0	0	0
4	1	2	3	4	1	8	7	0	4	0	0
4	2	3	1	4	1	8	2	5	0	0	0
4	2	3	1	4	2	8	7	0	0	0	0
4	1	3	2	4	3	8	0	0	2	0	0
3	4	2	1	2	4	15	11	3	1	11	0
4	3	2	1	4	1	8	0	2	0	0	0
4	1	3	2	4	2	8	0	0	2	0	0
4	2	3	1	4	2	8	3	4	1	0	0
3	1	4	2	4	1	15	11	10	2	8	3
3	2	1	4	1	2	15	11	9	8	1	0
4	3	1	2	4	2	8	0	0	0	0	0
3	4	2	1	3	4	15	11	3	1	0	0
4	3	1	2	4	3	8	5	1	2	0	0
3	1	4	2	3	4	15	11	10	2	0	0
4	2	3	1	4	1	8	6	5	0	0	0
3	4	1	2	1	4	15	11	3	2	0	8
3	2	4	1	2	1	15	11	9	1	11	9
4	1	2	3	4	3	8	5	0	4	0	0
4	1	3	2	4	2	8	5	4	2	0	0
3	4	1	2	2	1	15	11	3	2	3	9
2	4	1	3	4	2	11	8	5	4	0	0
4	1	2	3	4	1	8	5	2	0	0	0
4	1	3	2	4	2	8	5	4	0	0	0
4	1	3	2	4	2	8	7	4	2	0	0
4	2	1	3	4	1	8	7	5	0	0	0
4	1	2	3	4	2	8	7	0	4	0	0
3	4	1	2	4	1	15	11	3	2	9	3
3	1	2	4	1	2	15	11	10	8	1	10
3	2	1	1	4	4	15	11	9	9	8	10
3	4	2	1	4	2	15	11	3	1	8	3
3	4	2	1	1	4	15	11	3	1	11	0
3	1	2	4	4	1	15	11	10	8	0	0
4	2	1	3	4	1	8	2	0	4	0	0
3	4	2	1	4	1	15	11	3	1	11	3
2	3	1	4	4	2	11	13	9	8	0	0
4	3	2	1	4	3	8	4	2	0	0	0
4	1	3	2	4	3	8	3	4	2	0	0
3	1	4	4	2	1	15	11	10	10	2	3
4	2	3	1	4	3	8	3	5	0	0	0
3	1	2	4	4	1	15	11	10	8	10	3
3	2	4	1	2	1	15	11	9	1	3	1
3	2	4	1	1	4	15	11	9	1	11	0
3	4	2	1	4	1	15	11	3	1	8	1
3	1	2	4	1	4	15	11	10	8	3	8
3	4	1	1	2	2	15	11	3	3	2	0
3	1	4	2	1	2	15	11	10	2	11	10
3	1	4	1	2	4	15	11	10	3	2	8
4	1	2	3	4	2	8	0	0	0	0	0
4	1	3	2	4	2	8	1	0	0	0	0
2	3	4	1	4	2	11	13	8	0	0	0
3	1	4	2	2	1	15	11	10	2	10	0
4	2	3	1	4	2	8	7	5	1	0	0
3	1	2	2	1	4	15	11	10	11	9	8
4	1	2	3	4	3	8	3	0	4	0	0
3	4	1	2	1	2	15	11	3	2	0	0
3	2	1	2	4	4	15	11	9	11	8	8
3	1	4	2	1	2	15	11	10	2	9	2
3	2	4	1	1	2	15	11	9	1	0	10
3	4	2	1	1	4	15	11	3	1	1	8
3	2	4	1	1	4	15	11	9	1	11	10
4	3	1	2	4	1	8	0	1	0	0	0
3	1	2	4	2	4	15	11	10	8	0	0
3	2	4	2	4	1	15	11	9	3	9	1
4	3	1	2	4	1	8	4	1	2	0	0
4	2	1	3	4	2	8	7	0	4	0	0
3	2	4	1	2	4	15	11	9	1	3	0
3	1	4	4	2	1	15	11	10	10	2	1
3	1	4	2	4	2	15	11	10	2	8	0
3	4	1	2	2	1	15	11	3	2	2	9
4	3	1	2	4	1	8	6	3	0	0	0
4	2	1	3	4	3	8	2	1	0	0	0
4	1	2	3	4	2	8	1	2	0	0	0
3	4	2	1	2	3	15	11	3	1	0	0
4	2	1	3	4	3	8	6	5	4	0	0
4	2	3	1	4	3	8	2	5	1	0	0
3	2	1	4	4	1	15	11	9	8	10	3
4	1	2	3	4	3	8	5	2	0	0	0
3	2	1	4	4	1	15	11	9	8	0	3
4	2	1	3	4	2	8	3	0	4	0	0
3	1	4	1	2	2	15	11	10	11	2	10
4	3	2	1	4	2	8	4	3	0	0	0
4	3	2	1	4	1	8	7	2	1	0	0
4	3	1	2	4	1	8	4	3	0	0	0
4	2	1	3	4	3	8	7	5	4	0	0
3	2	1	4	4	2	15	11	9	8	9	3
4	2	3	1	4	2	8	6	5	1	0	0
4	3	2	1	4	1	8	0	0	1	0	0
3	2	1	4	2	4	15	11	9	8	2	8
3	4	2	1	4	1	15	11	3	1	8	0
3	2	1	4	4	1	15	11	9	8	8	1
3	4	1	2	1	4	15	11	3	2	3	0
4	1	3	2	4	3	8	1	6	2	0	0
3	2	4	1	4	3	15	11	9	1	0	0
3	1	1	2	4	2	15	11	11	10	8	10
4	1	2	3	4	1	8	5	0	4	0	0
3	2	4	2	1	1	15	11	9	11	1	9
4	2	3	1	4	2	8	2	0	1	0	0
3	4	1	2	1	2	15	11	3	2	11	10
3	4	2	2	1	1	15	11	3	11	1	1
4	3	2	1	4	2	8	6	3	1	0	0
3	2	1	4	4	1	15	11	9	8	9	1
4	1	3	2	4	3	8	0	6	2	0	0
3	1	2	1	4	2	15	11	10	11	8	0
3	4	1	2	1	4	15	11	3	2	9	0
3	4	1	2	2	4	15	11	3	2	2	0
3	4	1	2	2	3	15	11	3	2	0	0
4	3	2	1	4	2	8	6	3	0	0	0
3	1	2	4	4	1	15	11	10	8	0	3
3	1	2	2	4	4	15	11	10	11	8	8
2	4	3	1	4	2	11	8	5	1	0	0
3	2	1	4	2	1	15	11	9	8	2	9
2	4	1	3	4	3	11	8	1	0	0	0
3	2	4	1	1	2	15	11	9	1	0	2
4	2	1	3	4	2	8	3	1	0	0	0
3	1	4	2	4	2	15	9	8	2	0	0
3	1	2	1	4	4	15	11	10	11	8	10
3	1	4	2	2	4	15	11	10	2	11	0
3	4	1	2	3	1	15	11	3	2	0	0
3	4	1	2	4	2	15	11	3	2	0	0
4	2	1	3	4	2	8	6	0	4	0	0
3	2	4	4	1	2	15	11	9	11	1	2
4	3	2	1	4	3	8	7	3	1	0	0
4	1	3	2	4	3	8	1	4	0	0	0
3	1	4	2	2	4	15	11	10	2	3	8
4	3	1	2	4	1	8	0	1	2	0	0
3	4	2	4	1	1	15	11	3	9	1	1
4	2	1	3	4	2	8	0	0	0	0	0
3	2	4	1	2	1	15	11	9	1	3	0
4	1	3	2	4	1	8	1	6	0	0	0
3	2	4	4	1	1	15	11	9	9	1	3
3	2	4	1	4	3	15	11	8	0	0	0
3	4	1	2	1	4	15	11	3	2	1	10
3	4	1	2	4	2	15	11	3	2	11	0
3	1	2	4	2	4	15	11	10	8	2	0
4	1	2	3	4	2	8	5	0	0	0	0
3	2	4	1	1	2	15	11	9	1	9	2
4	3	2	1	4	3	8	0	0	1	0	0
4	2	1	3	4	1	8	2	5	0	0	0
3	4	1	2	4	3	15	8	0	0	0	0
3	4	4	1	2	2	15	11	11	3	2	2
4	3	1	2	4	2	8	0	0	2	0	0
4	3	1	2	4	3	8	4	0	0	0	0
4	3	1	2	4	1	8	6	1	0	0	0
3	2	1	2	4	4	15	11	9	10	8	9
3	2	2	1	4	4	15	11	11	9	8	8
4	3	1	4	2	3	8	0	0	0	0	0
3	2	1	1	4	2	15	11	9	9	8	10
4	1	3	2	4	3	8	3	6	2	0	0
4	2	3	4	1	2	8	6	0	0	0	0
2	3	4	1	4	3	11	13	8	1	0	0
3	4	1	4	2	2	15	11	3	10	2	0
4	1	2	3	4	3	8	7	0	4	0	0
3	4	1	2	4	1	15	8	0	2	0	0
3	4	4	2	1	1	15	11	11	3	1	0
3	4	2	2	1	4	15	11	3	3	1	0
4	3	1	2	4	3	8	6	3	0	0	0
3	4	2	4	2	1	15	11	3	9	3	1
4	2	3	1	4	1	8	6	4	0	0	0
3	2	1	4	1	4	15	11	9	8	0	8
4	2	1	3	4	3	8	6	1	0	0	0
3	1	4	2	4	2	15	11	8	0	0	0
4	3	1	2	4	3	8	4	0	2	0	0
4	3	1	2	4	2	8	4	1	2	0	0
3	1	4	2	1	3	15	11	10	2	0	0
4	3	2	1	4	3	8	7	2	1	0	0
4	3	2	1	4	2	8	0	3	0	0	0
2	4	3	1	4	1	11	8	0	1	0	0
2	4	3	1	4	2	11	8	4	0	0	0
3	1	2	4	1	4	15	11	10	8	3	10
3	4	1	2	1	4	15	11	3	2	11	8
3	4	2	1	4	2	15	11	3	1	9	2
3	4	2	1	4	3	15	8	2	0	0	0
3	4	1	1	2	4	15	11	3	3	2	0
4	2	1	3	4	1	8	2	0	0	0	0
3	4	1	4	1	2	15	11	3	10	3	2
4	3	1	2	4	1	8	6	1	2	0	0
3	2	1	4	2	1	15	11	9	8	3	9
4	1	3	2	4	1	8	1	6	2	0	0
4	3	1	2	4	1	8	0	3	0	0	0
4	3	2	4	1	2	8	0	2	0	0	0
4	3	4	2	1	3	8	4	0	0	0	0
3	4	1	2	2	4	15	11	3	2	0	8
3	2	4	1	2	4	15	11	9	1	0	9
4	2	1	3	4	3	8	0	5	4	0	0
4	3	1	2	4	1	8	5	3	2	0	0
3	4	1	1	4	2	15	11	3	11	10	2
4	1	2	3	4	1	8	3	0	0	0	0
3	2	1	2	4	1	15	11	9	11	8	1
3	2	1	4	1	2	15	11	9	8	3	0
2	3	1	4	4	3	11	13	9	8	0	0
4	1	2	3	4	2	8	1	6	0	0	0
3	2	1	2	4	1	15	11	9	10	8	9
3	4	1	2	2	4	15	11	3	2	11	9
4	3	1	2	4	2	8	4	3	0	0	0
3	2	4	1	4	2	15	11	9	1	11	0
3	2	4	1	2	1	15	11	9	1	2	1
3	4	2	1	2	4	15	11	3	1	0	0
4	1	3	2	4	2	8	3	6	2	0	0
3	2	1	4	1	3	15	11	9	8	0	0
4	2	3	1	4	3	8	3	4	0	0	0
4	3	2	1	4	1	8	7	3	0	0	0
3	4	2	1	2	4	15	11	3	1	0	8
4	2	1	3	4	3	8	0	0	4	0	0
4	3	1	2	4	3	8	0	0	2	0	0
3	1	4	2	4	1	15	11	10	2	10	0
3	2	4	1	4	1	15	11	9	1	0	0
4	1	3	2	4	2	8	1	0	2	0	0
3	2	1	4	2	4	15	11	9	8	10	8
3	4	1	1	4	2	15	11	3	3	10	2
3	2	1	4	2	1	15	11	9	8	11	0
3	4	2	1	3	1	15	11	3	1	0	0
4	1	2	3	4	1	8	5	6	4	0	0
4	1	2	3	4	3	8	7	2	0	0	0
3	4	1	2	4	2	15	11	3	2	8	2
4	3	2	1	4	1	8	7	3	1	0	0
3	4	2	1	4	2	15	11	3	1	8	2
4	1	3	2	4	1	8	7	6	2	0	0
4	1	2	3	4	3	8	3	2	0	0	0
4	3	2	4	1	2	8	6	0	0	0	0
3	1	2	4	2	1	15	11	10	8	2	1
4	3	2	4	1	2	8	4	2	0	0	0
4	1	3	2	4	1	8	1	4	2	0	0
4	2	3	1	4	3	8	6	4	1	0	0
2	4	1	3	4	1	11	8	5	4	0	0
2	3	4	1	4	3	11	12	8	1	0	0
2	3	4	1	4	3	11	13	8	0	0	0
3	1	4	2	1	2	15	11	10	2	3	2
3	4	2	1	4	2	15	11	3	1	0	0
4	1	3	2	4	1	8	5	0	0	0	0
3	2	4	1	4	3	15	10	8	0	0	0
4	2	1	3	4	1	8	6	0	0	0	0
4	2	3	1	4	2	8	3	4	0	0	0
3	1	4	4	2	2	15	11	10	11	2	0
3	1	2	4	1	2	15	11	10	8	0	2
3	4	4	2	1	2	15	11	11	3	1	0
4	1	3	2	4	2	8	7	0	2	0	0
4	2	1	3	4	2	8	6	5	4	0	0
3	2	4	2	1	1	15	11	9	3	1	0
3	1	4	2	4	1	15	11	10	2	8	0
4	3	2	1	4	3	8	5	3	1	0	0
4	1	2	3	4	1	8	7	2	0	0	0
2	4	1	3	4	1	11	8	1	0	0	0
3	1	1	2	4	2	15	11	11	10	8	2
3	2	1	4	1	4	15	11	9	8	9	8
3	1	2	4	4	1	15	11	10	8	9	1
4	1	3	2	4	2	8	1	4	0	0	0
4	1	3	2	4	3	8	5	6	2	0	0
3	1	2	4	4	2	15	9	10	8	0	0
3	1	4	2	4	1	15	11	10	2	9	1
3	4	1	4	2	1	15	11	3	11	2	1
4	2	3	1	4	3	8	2	5	0	0	0
4	1	3	2	4	2	8	0	6	0	0	0
3	4	1	2	1	2	15	11	3	2	0	2
4	1	3	2	4	1	8	3	0	0	0	0
3	1	2	4	2	1	15	11	10	8	0	1
3	4	4	1	1	2	15	11	11	3	3	2
3	4	1	2	2	1	15	11	3	2	0	9
4	1	3	2	4	2	8	0	0	0	0	0
4	1	2	3	4	3	8	5	6	0	0	0
2	1	4	3	4	1	11	13	8	0	0	0
3	1	4	1	2	4	15	11	10	11	2	10
2	4	3	1	4	2	11	8	4	1	0	0
4	1	2	3	4	1	8	3	0	4	0	0
3	1	4	2	4	2	15	11	10	2	0	0
3	2	2	1	4	4	15	11	11	9	8	0
3	4	2	1	1	2	15	11	3	1	11	0
3	4	2	1	2	4	15	11	3	1	10	0
3	4	1	4	2	1	15	11	3	10	2	3
4	2	1	3	4	2	8	6	0	0	0	0
4	3	1	2	4	3	8	6	0	0	0	0
2	1	3	4	4	2	11	9	12	8	0	0
3	1	1	4	2	2	15	11	11	10	2	10
3	1	2	4	2	1	15	11	10	8	10	9
4	1	3	2	4	2	8	0	4	0	0	0
4	1	2	3	4	1	8	3	6	0	0	0
4	3	2	1	4	3	8	4	2	1	0	0
4	2	1	3	4	1	8	0	1	0	0	0
3	4	2	2	1	4	15	11	3	11	1	9
3	2	4	1	4	2	15	11	9	1	10	0
4	2	3	1	4	2	8	2	5	1	0	0
3	4	4	2	1	2	15	11	11	3	1	2
3	2	1	4	4	2	15	11	9	8	0	0
4	1	3	2	4	1	8	7	4	2	0	0
4	2	3	1	4	1	8	7	5	0	0	0
4	3	2	1	4	3	8	5	0	0	0	0
3	1	4	2	2	1	15	11	10	2	11	9
3	4	2	1	1	2	15	11	3	1	9	0
3	4	2	1	2	1	15	11	3	1	10	9
4	3	1	2	4	1	8	0	3	2	0	0
4	2	3	1	4	1	8	6	5	1	0	0
4	1	3	2	4	1	8	3	6	2	0	0
3	4	1	2	1	4	15	11	3	2	9	8
3	1	2	4	2	1	15	11	10	8	3	1
3	4	1	2	2	1	15	11	3	2	3	0
4	3	1	2	4	2	8	6	3	0	0	0
3	1	2	4	2	1	15	11	10	8	3	9
4	1	2	3	4	2	8	5	2	4	0	0
4	3	2	4	1	3	8	4	2	0	0	0
3	2	4	1	2	4	15	11	9	1	2	0
3	4	2	1	4	1	15	8	0	1	0	0
3	1	4	2	1	4	15	11	10	2	11	10
3	1	4	4	2	2	15	11	10	11	2	2
2	4	3	1	4	2	11	8	5	0	0	0
4	1	2	3	4	1	8	0	0	0	0	0
4	2	1	3	4	1	8	6	1	4	0	0
4	3	1	2	4	3	8	7	3	2	0	0
4	3	2	1	4	1	8	5	2	0	0	0
3	2	4	1	4	2	15	11	9	1	8	3
3	2	1	4	2	1	15	11	9	8	2	1
3	1	2	1	4	4	15	11	10	11	8	8
3	2	1	2	4	4	15	11	9	11	8	9
4	2	3	1	4	1	8	0	5	0	0	0
4	2	3	4	1	3	8	6	4	0	0	0
4	1	3	2	4	3	8	7	0	0	0	0
3	4	2	1	1	3	15	11	3	1	0	0
3	1	2	4	1	2	15	11	10	8	0	0
3	1	2	4	1	4	15	11	10	8	1	8
3	2	1	4	2	4	15	11	9	8	11	0
3	2	4	1	1	4	15	11	9	1	1	10
4	2	3	1	4	1	8	3	4	1	0	0
4	1	2	3	4	2	8	5	2	0	0	0
3	2	1	4	4	2	15	11	9	8	11	3
3	1	2	4	4	1	15	11	10	8	11	0
3	1	4	1	2	4	15	11	10	3	2	0
3	1	2	4	1	4	15	11	10	8	1	0
3	1	2	4	4	2	15	11	10	8	10	0
4	3	4	2	1	3	8	0	0	0	0	0
3	1	2	4	2	4	15	11	10	8	2	8
3	2	1	2	4	4	15	11	9	11	8	0
4	3	1	2	4	2	8	5	3	0	0	0
3	1	2	4	1	4	15	11	10	8	9	10
3	4	2	4	1	2	15	11	3	9	1	0
3	4	2	1	4	1	15	11	3	1	0	0
3	2	1	4	2	4	15	11	9	8	0	8
3	1	2	4	1	2	15	11	10	8	0	10
3	4	2	1	4	1	15	11	3	1	0	1
3	1	4	2	4	3	15	9	8	0	0	0
4	3	1	2	4	3	8	6	1	0	0	0
3	2	1	4	1	2	15	11	9	8	0	0
4	2	3	1	4	2	8	0	5	0	0	0
2	3	4	1	4	1	11	12	8	0	0	0
3	1	2	4	2	1	15	11	10	8	11	1
3	1	4	4	2	2	15	11	10	10	2	0
3	1	4	2	2	1	15	11	10	2	10	9
3	4	2	1	1	2	15	11	3	1	11	2
3	1	4	1	2	2	15	11	10	3	2	10
3	4	1	2	1	4	15	11	3	2	11	10
3	4	2	1	2	4	15	11	3	1	3	9
4	3	2	1	4	1	8	4	3	1	0	0
3	2	4	1	1	4	15	11	9	1	3	10
3	4	2	2	4	1	15	11	3	11	9	1
3	4	2	4	1	2	15	11	3	11	1	3
3	1	4	4	1	2	15	11	10	11	3	2
4	1	2	3	4	3	8	5	0	0	0	0
4	3	2	1	4	3	8	0	2	1	0	0
4	3	2	1	4	1	8	6	3	0	0	0
3	2	2	1	4	1	15	11	11	9	8	1
4	2	1	3	4	2	8	7	1	0	0	0
3	2	1	4	4	1	15	11	9	8	0	1
3	1	1	4	2	4	15	11	11	10	2	0
4	3	2	1	4	3	8	6	3	0	0	0
3	4	2	1	1	4	15	11	3	1	3	10
4	2	3	1	4	3	8	2	0	0	0	0
3	2	1	4	4	2	15	11	9	8	8	3
3	2	4	1	4	1	15	11	9	1	9	3
4	1	2	3	4	3	8	7	0	0	0	0
4	3	1	2	4	3	8	0	1	2	0	0
3	4	1	2	1	2	15	11	3	2	11	2
4	2	3	1	4	3	8	7	0	0	0	0
4	2	3	1	4	1	8	6	0	0	0	0
3	2	1	2	4	1	15	11	9	11	8	0
3	1	2	2	4	4	15	11	10	10	8	9
3	1	2	1	2	4	15	11	10	9	10	8
4	2	1	3	4	3	8	0	1	0	0	0
3	1	2	4	4	2	15	11	10	8	9	3
4	2	1	3	4	2	8	2	5	0	0	0
3	4	1	2	4	3	15	8	3	2	0	0
3	4	1	1	2	4	15	11	3	11	2	8
3	4	2	2	1	1	15	11	3	11	1	9
4	1	2	3	4	1	8	1	2	4	0	0
2	4	3	1	4	3	11	8	5	1	0	0
4	1	3	2	4	3	8	5	0	2	0	0
3	2	4	1	4	2	15	11	9	1	8	2
3	4	2	1	2	1	15	11	3	1	2	1
3	1	4	2	4	1	15	11	10	2	0	0
3	1	4	2	4	3	15	9	8	2	0	0
4	1	2	3	4	3	8	0	6	4	0	0
2	4	3	1	4	1	11	8	5	0	0	0
3	2	4	1	4	1	15	11	9	1	11	3
4	1	2	3	4	2	8	0	2	4	0	0
4	1	2	3	4	2	8	1	6	4	0	0
4	1	3	2	4	2	8	3	0	2	0	0
4	3	1	2	4	2	8	6	0	0	0	0
3	1	2	4	2	1	15	11	10	8	0	9
4	2	3	1	4	2	8	3	5	0	0	0
3	1	4	2	2	1	15	11	10	2	0	0
4	2	3	1	4	3	8	0	4	0	0	0
2	1	4	3	4	1	11	13	8	4	0	0
4	2	1	3	4	1	8	7	5	4	0	0
3	1	1	2	2	4	15	11	11	10	10	8
3	2	1	4	2	4	15	11	9	8	11	9
4	2	3	4	1	2	8	2	0	0	0	0
3	1	2	1	4	2	15	11	10	9	8	0
4	2	1	3	4	1	8	6	5	0	0	0
4	3	1	2	4	2	8	0	1	2	0	0
3	4	2	1	1	4	15	11	3	1	11	10
2	3	4	1	4	2	11	12	8	1	0	0
2	4	3	1	4	3	11	8	5	0	0	0
3	2	2	4	1	4	15	11	11	9	1	9
4	1	2	3	4	1	8	3	2	4	0	0
4	3	1	2	4	2	8	7	0	2	0	0
3	2	1	4	1	2	15	11	9	8	0	10
3	2	4	1	4	3	15	10	8	1	0	0
3	4	1	2	3	2	15	11	3	2	0	0
3	4	2	1	2	4	15	11	3	1	11	9
3	2	4	1	3	2	15	11	9	1	0	0
3	1	2	4	4	1	15	9	10	8	0	0
4	2	3	1	4	1	8	0	0	1	0	0
3	4	2	1	1	4	15	11	3	1	0	10
4	3	2	4	1	2	8	6	2	0	0	0
4	2	3	1	4	1	8	7	4	1	0	0
4	2	1	3	4	2	8	7	0	0	0	0
3	2	4	4	1	2	15	11	9	11	1	0
4	1	2	3	4	1	8	1	0	0	0	0
4	3	1	2	4	2	8	7	3	2	0	0
3	2	1	4	4	3	15	11	9	8	0	0
3	4	1	4	2	1	15	11	3	10	2	1
3	2	1	4	1	2	15	11	9	8	0	2
4	1	3	2	4	3	8	3	6	0	0	0
3	1	4	2	2	4	15	11	10	2	0	9
4	1	3	2	4	2	8	1	4	2	0	0
3	2	4	1	2	1	15	11	9	1	10	0
3	1	2	4	2	4	15	11	10	8	11	8
3	2	1	4	4	2	15	11	9	8	10	3
3	1	4	4	2	1	15	11	10	11	2	3
3	4	2	1	1	2	15	11	3	1	3	2
3	4	2	1	4	1	15	11	3	1	8	3
3	2	4	1	1	4	15	11	9	1	0	0
3	1	2	4	4	2	15	11	10	8	0	3
4	3	1	2	4	1	8	7	1	0	0	0
3	1	4	2	4	1	15	11	10	2	9	0
3	4	1	2	4	1	15	11	3	2	0	3
3	2	1	4	4	3	15	10	9	8	0	0
3	2	1	4	4	1	15	11	9	8	11	0
3	4	2	1	2	4	15	11	3	1	10	9
3	4	1	2	4	2	15	8	1	2	0	0
3	2	1	4	2	1	15	11	9	8	0	9
3	1	2	1	4	4	15	11	10	9	8	0
3	4	2	1	2	1	15	11	3	1	0	0
4	2	1	3	4	2	8	3	5	0	0	0
3	4	2	1	1	2	15	11	3	1	11	10
4	3	2	4	1	3	8	4	0	0	0	0
3	1	2	4	1	4	15	11	10	8	11	0
3	4	2	1	1	4	15	11	3	1	9	0
3	4	2	1	4	2	15	8	2	0	0	0
3	1	4	2	1	2	15	11	10	2	3	0
3	4	1	2	1	4	15	11	3	2	1	8
4	3	2	1	4	1	8	5	2	1	0	0
3	1	2	4	2	4	15	11	10	8	11	9
4	2	1	3	4	1	8	6	5	4	0	0
4	3	2	1	4	1	8	4	0	1	0	0
3	1	2	4	4	2	15	11	10	8	11	2
3	1	4	1	2	4	15	11	10	11	2	8
3	2	1	4	4	2	15	11	9	8	10	0
3	1	4	2	4	1	15	11	10	2	11	3
3	4	2	1	4	1	15	11	3	1	11	0
4	1	3	2	4	2	8	1	6	2	0	0
3	4	1	2	4	2	15	11	3	2	9	3
3	1	4	2	2	4	15	11	10	2	10	0
2	3	1	4	4	2	11	12	9	8	0	0
3	2	1	4	1	4	15	11	9	8	9	10
3	2	1	1	4	2	15	11	9	11	8	2
4	3	1	2	4	3	8	0	1	0	0	0
3	2	4	1	2	3	15	11	9	1	0	0
3	2	4	1	1	2	15	11	9	1	1	2
4	1	2	3	4	1	8	0	6	4	0	0
3	4	1	2	1	2	15	11	3	2	3	2
3	2	1	4	1	4	15	11	9	8	1	0
3	1	4	2	1	4	15	11	10	2	0	0
4	3	2	1	4	2	8	4	2	1	0	0
3	2	1	4	4	1	15	11	9	8	8	3
4	2	1	3	4	3	8	6	5	0	0	0
3	1	1	2	4	4	15	11	11	10	8	10
4	2	3	1	4	3	8	2	0	1	0	0
3	1	4	2	2	4	15	11	10	2	10	8
3	2	1	4	4	2	15	10	9	8	0	0
4	1	3	2	4	3	8	7	4	2	0	0
4	1	2	3	4	2	8	3	6	0	0	0
3	4	2	1	4	3	15	8	2	1	0	0
3	1	2	4	1	2	15	11	10	8	1	2
3	1	2	4	4	3	15	9	10	8	0	0
3	1	2	4	2	1	15	11	10	8	0	0
2	4	1	3	4	1	11	8	0	4	0	0
3	2	4	1	4	1	15	11	9	1	11	1
3	4	2	1	4	1	15	11	3	1	0	3
3	1	1	2	4	4	15	11	11	10	8	8
3	4	1	2	2	4	15	11	3	2	2	9
3	4	1	2	1	4	15	11	3	2	11	0
3	2	4	2	1	4	15	11	9	3	1	0
3	1	2	4	4	1	15	11	10	8	11	1
3	1	4	1	2	4	15	11	10	11	2	0
4	2	1	3	4	3	8	3	5	0	0	0
3	4	1	2	4	1	15	11	3	2	10	3
3	2	4	1	4	1	15	10	8	1	0	0
3	2	1	4	4	2	15	11	9	8	9	2
4	1	2	3	4	2	8	3	2	0	0	0
4	3	2	1	4	2	8	4	0	1	0	0
4	2	3	1	4	3	8	0	0	1	0	0
3	4	4	1	2	2	15	11	11	3	2	3
3	1	4	2	4	2	15	11	10	2	8	2
4	1	3	2	4	3	8	3	0	2	0	0
3	1	2	2	4	4	15	11	10	10	8	0
3	1	2	2	4	4	15	11	10	11	8	9
3	4	2	1	4	2	15	8	2	1	0	0
3	4	1	4	2	1	15	11	3	11	2	0
3	4	4	1	2	2	15	11	11	3	2	0
3	1	4	2	2	1	15	11	10	2	2	1
3	1	1	4	4	2	15	11	11	10	10	2
4	1	2	3	4	1	8	7	0	0	0	0
3	2	2	4	1	1	15	11	11	9	1	9
3	4	1	2	2	1	15	11	3	2	3	1
3	4	1	1	2	4	15	11	3	11	2	10
4	1	3	2	4	2	8	5	6	2	0	0
4	1	2	3	4	1	8	7	6	0	0	0
3	2	4	1	2	4	15	11	9	1	2	9
4	3	1	2	4	2	8	0	3	0	0	0
4	3	2	1	4	1	8	0	3	1	0	0
3	4	2	4	1	1	15	11	3	11	1	3
2	3	4	1	4	2	11	13	8	1	0	0
3	2	4	1	4	1	15	11	9	1	9	1
4	2	3	1	4	1	8	0	4	1	0	0
4	2	1	3	4	3	8	3	1	4	0	0
4	1	3	2	4	3	8	5	6	0	0	0
3	1	2	1	4	2	15	11	10	11	8	10
3	1	2	2	4	1	15	11	10	11	8	1
3	2	1	4	1	4	15	11	9	8	0	0
3	2	4	1	4	2	15	11	9	1	9	0
3	2	4	2	1	4	15	11	9	11	1	0
4	2	3	4	1	2	8	2	4	0	0	0
3	4	1	2	2	1	15	11	3	2	10	1
4	3	1	2	4	3	8	0	3	0	0	0
4	3	2	1	4	1	8	4	0	0	0	0
3	2	4	1	1	2	15	11	9	1	0	0
4	2	1	3	4	2	8	2	0	0	0	0
4	2	3	4	1	2	8	6	4	0	0	0
3	2	1	4	2	1	15	11	9	8	2	0
3	4	2	1	1	4	15	11	3	1	3	0
3	4	1	2	2	1	15	11	3	2	10	0
3	4	2	1	1	2	15	11	3	1	9	2
4	2	3	1	4	1	8	3	0	0	0	0
4	3	2	1	4	3	8	5	2	1	0	0
3	1	4	2	1	4	15	11	10	2	3	8
3	1	2	4	1	4	15	11	10	8	0	10
3	4	2	1	4	3	15	8	0	0	0	0
3	2	4	1	2	1	15	11	9	1	11	1
3	4	1	2	1	4	15	11	3	2	9	10
3	2	1	4	2	1	15	11	9	8	11	9
3	4	2	2	1	1	15	11	3	3	1	1
2	1	4	3	4	2	11	9	8	0	0	0
4	2	1	3	4	3	8	7	5	0	0	0
3	1	2	4	4	1	15	11	10	8	11	3
4	3	1	2	4	1	8	5	3	0	0	0
3	2	1	1	4	2	15	11	9	9	8	0
4	1	3	2	4	2	8	5	0	0	0	0
4	1	3	2	4	3	8	3	4	0	0	0
3	1	2	4	4	2	15	11	10	8	11	0
3	1	4	2	4	1	15	11	10	2	0	1
3	1	4	2	4	1	15	11	10	2	0	3
3	1	4	1	2	4	15	11	10	3	2	10
3	2	4	1	2	1	15	11	9	1	0	1
3	2	4	1	2	4	15	11	9	1	11	8
4	2	3	1	4	2	8	0	5	1	0	0
4	2	1	3	4	3	8	2	0	4	0	0
3	2	1	4	4	1	15	11	9	8	0	0
3	1	4	2	4	2	15	11	10	2	11	3
4	3	1	2	4	1	8	7	1	2	0	0
3	4	1	2	1	3	15	11	3	2	0	0
3	1	2	4	1	2	15	11	10	8	11	0
4	3	1	2	4	2	8	6	1	0	0	0
4	3	2	1	4	1	8	0	0	0	0	0
4	3	2	1	4	2	8	6	0	1	0	0
3	1	2	4	1	2	15	11	10	8	9	2
3	4	2	1	4	1	15	8	0	0	0	0
3	1	2	4	3	4	15	11	10	8	0	0
3	2	1	4	1	4	15	11	9	8	11	10
3	2	4	1	4	2	15	11	9	1	0	3
3	1	4	2	4	2	15	11	10	2	9	3
3	4	2	1	4	1	15	11	3	1	9	0
3	1	4	2	4	1	15	11	10	2	10	1
4	3	1	2	4	3	8	6	0	2	0	0
4	3	2	1	4	2	8	7	2	0	0	0
4	3	2	1	4	2	8	4	2	0	0	0
3	1	2	4	4	2	15	11	10	8	8	2
3	1	4	2	4	1	15	11	8	0	0	0
4	1	3	2	4	1	8	7	4	0	0	0
3	2	4	1	4	2	15	10	8	0	0	0
3	1	2	4	4	1	15	11	10	8	0	1
3	2	4	1	1	2	15	11	9	1	9	0
2	4	1	3	4	1	11	8	0	0	0	0
4	3	2	1	4	1	8	5	0	1	0	0
4	3	4	1	2	3	8	0	0	0	0	0
4	3	2	1	4	1	8	5	3	1	0	0
3	1	2	4	1	4	15	11	10	8	0	0
3	2	4	1	4	3	15	11	8	1	0	0
4	2	1	3	4	2	8	0	5	4	0	0
4	2	1	3	4	2	8	6	1	4	0	0
4	2	3	1	4	2	8	7	4	0	0	0
4	2	1	3	4	2	8	3	5	4	0	0
3	4	1	2	1	2	15	11	3	2	3	0
2	1	4	3	4	3	11	13	8	0	0	0
4	3	2	1	4	1	8	7	0	0	0	0
4	1	3	2	4	1	8	5	4	2	0	0
4	3	2	1	4	2	8	0	0	1	0	0
3	4	1	2	4	2	15	11	3	2	10	2
4	2	3	1	4	1	8	3	0	1	0	0
4	3	2	1	4	1	8	6	2	0	0	0
4	2	3	1	4	1	8	6	0	1	0	0
3	1	4	4	2	2	15	11	10	11	2	3
4	3	1	2	4	3	8	0	3	2	0	0
3	1	4	2	4	1	15	9	8	0	0	0
3	1	2	4	1	2	15	11	10	8	3	2
3	2	4	1	4	2	15	11	9	1	10	2
3	1	2	1	4	4	15	11	10	9	8	10
3	1	2	1	4	4	15	11	10	11	8	0
3	1	4	2	4	1	15	11	10	2	8	1
3	4	2	1	2	1	15	11	3	1	3	1
4	3	1	2	4	3	8	5	1	0	0	0
2	4	3	1	4	1	11	8	5	1	0	0
3	4	2	1	1	2	15	11	3	1	9	10
3	1	2	2	4	4	15	11	10	11	8	0
3	1	4	1	2	2	15	11	10	3	2	2
3	1	4	2	2	4	15	11	10	2	0	8
3	4	2	1	4	3	15	11	3	1	0	0
4	1	2	3	4	3	8	5	2	4	0	0
4	1	2	3	4	3	8	0	6	0	0	0
4	2	3	1	4	1	8	3	5	1	0	0
4	2	1	3	4	1	8	7	0	0	0	0
4	3	2	1	4	3	8	0	3	0	0	0
3	4	1	2	1	2	15	11	3	2	11	0
3	2	4	1	4	2	15	11	9	1	11	2
3	4	1	1	2	2	15	11	3	3	2	2
4	2	3	1	4	2	8	2	5	0	0	0
4	1	2	3	4	1	8	0	2	0	0	0
3	4	1	1	2	2	15	11	3	11	2	0
4	2	3	1	4	3	8	6	4	0	0	0
4	1	2	3	4	2	8	0	2	0	0	0
4	1	3	2	4	3	8	1	6	0	0	0
3	1	2	4	2	4	15	11	10	8	0	9
3	4	1	4	2	2	15	11	3	11	2	0
2	1	4	3	4	3	11	9	8	0	0	0
3	1	4	2	1	2	15	11	10	2	11	0
3	4	1	2	4	2	15	11	3	2	10	3
3	4	2	1	1	2	15	11	3	1	1	10
3	2	1	4	3	2	15	11	9	8	0	0
4	2	3	1	4	3	8	0	4	1	0	0
3	2	4	1	2	4	15	11	9	1	11	9
4	2	3	1	4	1	8	0	4	0	0	0
4	3	2	1	4	2	8	5	2	0	0	0
3	1	2	4	2	4	15	11	10	8	10	9
3	4	2	4	1	1	15	11	3	11	1	0
3	2	4	1	2	4	15	11	9	1	10	0
3	4	2	1	4	2	15	11	3	1	11	3
4	3	2	4	1	3	8	6	2	0	0	0
4	3	1	2	4	2	8	7	3	0	0	0
4	3	1	2	4	2	8	6	3	2	0	0
3	1	4	2	4	1	15	11	10	2	11	1
3	4	2	1	2	4	15	11	3	1	3	0
4	2	1	3	4	2	8	7	5	4	0	0
4	1	2	3	4	2	8	5	6	4	0	0
2	1	3	4	4	3	11	9	12	8	0	0
3	1	4	2	1	4	15	11	10	2	11	0
3	2	4	4	1	1	15	11	9	11	1	3
3	4	1	2	1	2	15	11	3	2	9	2
4	3	1	2	4	2	8	0	1	0	0	0
3	2	2	4	1	4	15	11	11	9	1	8
3	2	4	1	1	4	15	11	9	1	3	8
3	4	1	2	1	4	15	11	3	2	0	0
3	1	4	2	4	3	15	11	8	2	0	0
4	2	3	1	4	1	8	2	4	0	0	0
4	2	1	3	4	3	8	7	1	4	0	0
4	1	3	2	4	2	8	0	6	2	0	0
3	4	2	1	1	2	15	11	3	1	0	2
3	4	2	4	1	1	15	11	3	9	1	0
3	2	4	4	1	2	15	11	9	9	1	0
4	3	1	2	4	2	8	6	1	2	0	0
2	4	1	3	4	2	11	8	0	0	0	0
3	2	4	1	2	1	15	11	9	1	0	0
2	1	4	3	4	2	11	13	8	0	0	0
4	2	1	3	4	2	8	2	5	4	0	0
4	3	2	1	4	2	8	5	3	0	0	0
3	2	4	1	4	1	15	11	9	1	8	1
3	2	1	4	1	4	15	11	9	8	1	10
4	2	1	3	4	1	8	2	1	4	0	0
3	2	1	4	1	2	15	11	9	8	1	2
3	2	1	4	4	1	15	11	9	8	11	3
4	1	2	3	4	3	8	0	0	4	0	0
3	1	2	4	1	2	15	11	10	8	9	0
4	3	1	2	4	3	8	5	3	0	0	0
3	2	1	4	1	4	15	11	9	8	11	8
3	4	2	1	1	4	15	11	3	1	0	8
3	2	4	2	4	1	15	11	9	11	9	1
3	4	2	4	1	2	15	11	3	11	1	0
3	1	2	4	4	1	15	11	10	8	9	0
4	2	1	3	4	2	8	7	5	0	0	0
2	4	3	1	4	1	11	8	4	0	0	0
3	2	1	4	2	1	15	11	9	8	10	0
3	2	1	4	1	2	15	11	9	8	11	0
3	4	2	1	1	4	15	11	3	1	1	0
3	2	1	4	2	4	15	11	9	8	3	8
4	3	2	1	4	1	8	5	3	0	0	0
4	2	3	1	4	1	8	7	4	0	0	0
3	1	4	2	1	2	15	11	10	2	1	0
4	1	3	2	4	2	8	3	4	2	0	0
4	2	1	3	4	3	8	3	5	4	0	0
3	2	1	1	4	4	15	11	9	11	8	8
4	2	3	1	4	2	8	0	4	1	0	0
4	1	2	3	4	2	8	3	0	0	0	0
2	3	4	1	4	1	11	12	8	1	0	0
3	1	4	2	1	2	15	11	10	2	0	2
3	1	4	2	4	2	15	11	8	2	0	0
3	2	1	4	2	1	15	11	9	8	10	9
3	1	4	2	3	1	15	11	10	2	0	0
3	1	4	2	2	1	15	11	10	2	11	1
3	4	1	2	4	2	15	11	3	2	11	2
4	1	3	2	4	2	8	5	0	2	0	0
2	4	3	1	4	1	11	8	4	1	0	0
4	1	2	3	4	3	8	0	2	4	0	0
3	4	1	2	4	1	15	11	3	2	11	1
3	2	4	1	1	2	15	11	9	1	3	10
3	2	1	4	4	1	15	11	9	8	9	0
4	1	2	3	4	3	8	5	6	4	0	0
4	1	3	2	4	1	8	3	4	0	0	0
4	2	3	4	1	2	8	0	0	0	0	0
4	2	1	3	4	3	8	7	1	0	0	0
3	1	4	2	1	4	15	11	10	2	1	0
3	2	4	1	2	1	15	11	9	1	10	9
3	4	1	2	4	2	15	8	1	0	0	0
4	1	2	3	4	1	8	7	2	4	0	0
3	1	2	4	2	4	15	11	10	8	11	0
3	1	2	4	4	2	15	11	10	8	9	0
4	1	3	2	4	3	8	0	0	0	0	0
3	1	4	2	4	1	15	11	10	2	9	3
3	4	1	4	1	2	15	11	3	11	3	2
4	2	1	3	4	3	8	3	1	0	0	0
4	1	3	2	4	1	8	0	0	2	0	0
3	2	1	4	1	2	15	11	9	8	9	2
4	2	1	3	4	2	8	2	1	0	0	0
4	2	3	1	4	2	8	0	0	1	0	0
3	2	2	4	1	4	15	11	11	9	1	0
4	1	3	2	4	1	8	1	4	0	0	0
3	1	4	2	1	4	15	11	10	2	9	0
3	4	1	2	4	2	15	11	3	2	0	2
2	4	3	1	4	3	11	8	0	1	0	0
