4	1	2	3	8	0	0	0
4	1	2	4	8	0	0	0
4	1	2	3	8	0	0	4
4	1	3	2	8	0	0	0
4	1	3	4	8	0	0	0
4	1	3	2	8	0	0	2
4	1	4	2	8	0	0	0
4	1	4	3	8	0	0	0
4	1	2	3	8	0	2	0
4	1	2	3	8	0	2	4
4	1	3	2	8	0	4	0
4	1	3	2	8	0	4	2
4	1	2	3	8	0	6	0
4	1	2	3	8	0	6	4
4	1	3	2	8	0	6	0
4	1	3	2	8	0	6	2
4	2	1	3	8	0	0	0
4	2	1	4	8	0	0	0
4	2	1	3	8	0	0	4
4	2	3	1	8	0	0	0
4	2	3	4	8	0	0	0
4	2	3	1	8	0	0	1
4	2	4	1	8	0	0	0
4	2	4	3	8	0	0	0
4	2	1	3	8	0	1	0
4	2	1	3	8	0	1	4
4	2	3	1	8	0	4	0
4	2	3	3	8	0	4	0
4	2	3	4	8	0	4	0
4	2	3	1	8	0	4	1
4	2	1	3	8	0	5	0
4	2	1	3	8	0	5	4
4	2	3	1	8	0	5	0
4	2	3	1	8	0	5	1
4	3	1	2	8	0	0	0
4	3	1	4	8	0	0	0
4	3	1	2	8	0	0	2
4	3	2	1	8	0	0	0
4	3	2	4	8	0	0	0
4	3	2	1	8	0	0	1
4	3	4	1	8	0	0	0
4	3	4	2	8	0	0	0
4	3	1	2	8	0	1	0
4	3	1	2	8	0	1	2
4	3	2	1	8	0	2	0
4	3	2	2	8	0	2	0
4	3	2	4	8	0	2	0
4	3	2	1	8	0	2	1
4	3	1	2	8	0	3	0
4	3	1	2	8	0	3	2
4	3	2	1	8	0	3	0
4	3	2	1	8	0	3	1
4	4	1	2	8	0	0	0
4	4	1	3	8	0	0	0
4	4	2	1	8	0	0	0
4	4	2	3	8	0	0	0
4	4	3	1	8	0	0	0
4	4	3	2	8	0	0	0
4	1	2	3	8	1	0	0
4	1	2	3	8	1	0	4
4	1	3	2	8	1	0	0
4	1	3	2	8	1	0	2
4	1	2	3	8	1	2	0
4	1	2	3	8	1	2	4
4	1	3	2	8	1	4	0
4	1	3	2	8	1	4	2
4	1	2	3	8	1	6	0
4	1	2	3	8	1	6	4
4	1	3	2	8	1	6	0
4	1	3	2	8	1	6	2
4	2	1	3	8	2	0	0
4	2	1	3	8	2	0	4
4	2	3	1	8	2	0	0
4	2	3	4	8	2	0	0
4	2	3	1	8	2	0	1
4	2	1	3	8	2	1	0
4	2	1	3	8	2	1	4
4	2	3	1	8	2	4	0
4	2	3	3	8	2	4	0
4	2	3	4	8	2	4	0
4	2	3	1	8	2	4	1
4	2	1	3	8	2	5	0
4	2	1	3	8	2	5	4
4	2	3	1	8	2	5	0
4	2	3	1	8	2	5	1
4	1	2	3	8	3	0	0
4	1	2	3	8	3	0	4
4	1	3	2	8	3	0	0
4	1	3	2	8	3	0	2
4	1	2	3	8	3	2	0
4	1	2	3	8	3	2	4
4	1	3	2	8	3	4	0
4	1	3	2	8	3	4	2
4	1	2	3	8	3	6	0
4	1	2	3	8	3	6	4
4	1	3	2	8	3	6	0
4	1	3	2	8	3	6	2
4	2	1	3	8	3	0	0
4	2	1	3	8	3	0	4
4	2	3	1	8	3	0	0
4	2	3	1	8	3	0	1
4	2	1	3	8	3	1	0
4	2	1	3	8	3	1	4
4	2	3	1	8	3	4	0
4	2	3	1	8	3	4	1
4	2	1	3	8	3	5	0
4	2	1	3	8	3	5	4
4	2	3	1	8	3	5	0
4	2	3	1	8	3	5	1
4	3	1	2	8	4	0	0
4	3	1	4	8	4	0	0
4	3	1	2	8	4	0	2
4	3	2	1	8	4	0	0
4	3	2	3	8	4	0	0
4	3	2	4	8	4	0	0
4	3	2	1	8	4	0	1
4	3	4	1	8	4	0	0
4	3	4	2	8	4	0	0
4	3	1	2	8	4	1	0
4	3	1	2	8	4	1	2
4	3	2	1	8	4	2	0
4	3	2	2	8	4	2	0
4	3	2	3	8	4	2	0
4	3	2	4	8	4	2	0
4	3	2	1	8	4	2	1
4	3	1	2	8	4	3	0
4	3	1	2	8	4	3	2
4	3	2	1	8	4	3	0
4	3	2	1	8	4	3	1
4	1	2	3	8	5	0	0
4	1	2	3	8	5	0	4
4	1	3	2	8	5	0	0
4	1	3	2	8	5	0	2
4	1	2	3	8	5	2	0
4	1	2	3	8	5	2	4
4	1	3	2	8	5	4	0
4	1	3	2	8	5	4	2
4	1	2	3	8	5	6	0
4	1	2	3	8	5	6	4
4	1	3	2	8	5	6	0
4	1	3	2	8	5	6	2
4	3	1	2	8	5	0	0
4	3	1	2	8	5	0	2
4	3	2	1	8	5	0	0
4	3	2	1	8	5	0	1
4	3	1	2	8	5	1	0
4	3	1	2	8	5	1	2
4	3	2	1	8	5	2	0
4	3	2	1	8	5	2	1
4	3	1	2	8	5	3	0
4	3	1	2	8	5	3	2
4	3	2	1	8	5	3	0
4	3	2	1	8	5	3	1
4	2	1	3	8	6	0	0
4	2	1	3	8	6	0	4
4	2	3	1	8	6	0	0
4	2	3	4	8	6	0	0
4	2	3	1	8	6	0	1
4	2	1	3	8	6	1	0
4	2	1	3	8	6	1	4
4	2	3	1	8	6	4	0
4	2	3	2	8	6	4	0
4	2	3	3	8	6	4	0
4	2	3	4	8	6	4	0
4	2	3	1	8	6	4	1
4	2	1	3	8	6	5	0
4	2	1	3	8	6	5	4
4	2	3	1	8	6	5	0
4	2	3	1	8	6	5	1
4	3	1	2	8	6	0	0
4	3	1	2	8	6	0	2
4	3	2	1	8	6	0	0
4	3	2	4	8	6	0	0
4	3	2	1	8	6	0	1
4	3	1	2	8	6	1	0
4	3	1	2	8	6	1	2
4	3	2	1	8	6	2	0
4	3	2	2	8	6	2	0
4	3	2	3	8	6	2	0
4	3	2	4	8	6	2	0
4	3	2	1	8	6	2	1
4	3	1	2	8	6	3	0
4	3	1	2	8	6	3	2
4	3	2	1	8	6	3	0
4	3	2	1	8	6	3	1
4	1	2	3	8	7	0	0
4	1	2	3	8	7	0	4
4	1	3	2	8	7	0	0
4	1	3	2	8	7	0	2
4	1	2	3	8	7	2	0
4	1	2	3	8	7	2	4
4	1	3	2	8	7	4	0
4	1	3	2	8	7	4	2
4	1	2	3	8	7	6	0
4	1	2	3	8	7	6	4
4	1	3	2	8	7	6	0
4	1	3	2	8	7	6	2
4	2	1	3	8	7	0	0
4	2	1	3	8	7	0	4
4	2	3	1	8	7	0	0
4	2	3	1	8	7	0	1
4	2	1	3	8	7	1	0
4	2	1	3	8	7	1	4
4	2	3	1	8	7	4	0
4	2	3	1	8	7	4	1
4	2	1	3	8	7	5	0
4	2	1	3	8	7	5	4
4	2	3	1	8	7	5	0
4	2	3	1	8	7	5	1
4	3	1	2	8	7	0	0
4	3	1	2	8	7	0	2
4	3	2	1	8	7	0	0
4	3	2	1	8	7	0	1
4	3	1	2	8	7	1	0
4	3	1	2	8	7	1	2
4	3	2	1	8	7	2	0
4	3	2	1	8	7	2	1
4	3	1	2	8	7	3	0
4	3	1	2	8	7	3	2
4	3	2	1	8	7	3	0
4	3	2	1	8	7	3	1
1	4	2	3	9	8	0	0
1	4	2	3	9	8	0	4
1	4	3	2	9	8	0	0
1	4	3	2	9	8	0	2
1	4	2	3	9	8	2	0
1	4	2	3	9	8	2	4
1	4	3	2	9	8	4	0
1	4	3	2	9	8	4	2
1	4	2	3	9	8	6	0
1	4	2	3	9	8	6	4
1	4	3	2	9	8	6	0
1	4	3	2	9	8	6	2
1	2	4	3	9	10	8	0
1	2	4	3	9	10	8	4
1	2	3	4	9	10	12	8
1	3	4	2	9	12	8	0
1	3	4	2	9	12	8	2
1	3	2	4	9	12	10	8
1	2	4	3	9	14	8	0
1	2	4	3	9	14	8	4
1	2	3	4	9	14	12	8
1	3	4	2	9	14	8	0
1	3	4	2	9	14	8	2
1	3	2	4	9	14	10	8
2	4	1	3	10	8	0	0
2	4	1	3	10	8	0	4
2	4	3	1	10	8	0	0
2	4	3	4	10	8	0	0
2	4	3	1	10	8	0	1
2	4	1	3	10	8	1	0
2	4	1	3	10	8	1	4
2	4	3	1	10	8	4	0
2	4	3	3	10	8	4	0
2	4	3	4	10	8	4	0
2	4	3	1	10	8	4	1
2	4	1	3	10	8	5	0
2	4	1	3	10	8	5	4
2	4	3	1	10	8	5	0
2	4	3	1	10	8	5	1
2	1	4	3	10	9	8	0
2	1	4	3	10	9	8	4
2	1	3	4	10	9	12	8
2	3	4	1	10	12	8	0
2	3	4	4	10	12	8	0
2	3	4	1	10	12	8	1
2	3	4	4	10	12	8	8
2	3	4	1	10	12	8	9
2	3	4	4	10	12	8	9
2	3	1	4	10	12	9	8
2	1	4	3	10	13	8	0
2	1	4	3	10	13	8	4
2	1	3	4	10	13	12	8
2	3	4	1	10	13	8	0
2	3	4	1	10	13	8	1
2	3	1	4	10	13	9	8
1	4	2	3	11	8	0	0
1	4	2	3	11	8	0	4
1	4	3	2	11	8	0	0
1	4	3	2	11	8	0	2
1	4	2	3	11	8	2	0
1	4	2	3	11	8	2	4
1	4	3	2	11	8	4	0
1	4	3	2	11	8	4	2
1	4	2	3	11	8	6	0
1	4	2	3	11	8	6	4
1	4	3	2	11	8	6	0
1	4	3	2	11	8	6	2
1	2	4	3	11	10	8	0
1	2	4	3	11	10	8	4
1	2	3	4	11	10	12	8
1	3	4	2	11	12	8	0
1	3	4	2	11	12	8	2
1	3	2	4	11	12	10	8
1	2	4	3	11	14	8	0
1	2	4	3	11	14	8	4
1	2	3	4	11	14	12	8
1	3	4	2	11	14	8	0
1	3	4	2	11	14	8	2
1	3	2	4	11	14	10	8
2	4	1	3	11	8	0	0
2	4	1	3	11	8	0	4
2	4	3	1	11	8	0	0
2	4	3	1	11	8	0	1
2	4	1	3	11	8	1	0
2	4	1	3	11	8	1	4
2	4	3	1	11	8	4	0
2	4	3	1	11	8	4	1
2	4	1	3	11	8	5	0
2	4	1	3	11	8	5	4
2	4	3	1	11	8	5	0
2	4	3	1	11	8	5	1
2	1	4	3	11	9	8	0
2	1	4	3	11	9	8	4
2	1	3	4	11	9	12	8
2	3	4	1	11	12	8	0
2	3	4	1	11	12	8	1
2	3	1	4	11	12	9	8
2	1	4	3	11	13	8	0
2	1	4	3	11	13	8	4
2	1	3	4	11	13	12	8
2	3	4	1	11	13	8	0
2	3	4	1	11	13	8	1
2	3	1	4	11	13	9	8
3	4	1	2	12	8	0	0
3	4	1	3	12	8	0	0
3	4	1	4	12	8	0	0
3	4	1	2	12	8	0	2
3	4	1	4	12	8	0	8
3	4	1	2	12	8	0	10
3	4	1	4	12	8	0	10
3	4	2	1	12	8	0	0
3	4	2	3	12	8	0	0
3	4	2	4	12	8	0	0
3	4	2	1	12	8	0	1
3	4	2	4	12	8	0	8
3	4	2	1	12	8	0	9
3	4	2	4	12	8	0	9
3	4	3	1	12	8	0	0
3	4	3	2	12	8	0	0
3	4	3	4	12	8	0	0
3	4	4	1	12	8	0	0
3	4	4	2	12	8	0	0
3	4	4	3	12	8	0	0
3	4	4	1	12	8	0	1
3	4	4	2	12	8	0	2
3	4	4	1	12	8	0	3
3	4	4	2	12	8	0	3
3	4	1	2	12	8	1	0
3	4	1	4	12	8	1	0
3	4	1	2	12	8	1	2
3	4	1	4	12	8	1	8
3	4	1	2	12	8	1	10
3	4	1	4	12	8	1	10
3	4	2	1	12	8	2	0
3	4	2	2	12	8	2	0
3	4	2	3	12	8	2	0
3	4	2	4	12	8	2	0
3	4	2	1	12	8	2	1
3	4	2	4	12	8	2	8
3	4	2	1	12	8	2	9
3	4	2	4	12	8	2	9
3	4	1	2	12	8	3	0
3	4	1	4	12	8	3	0
3	4	1	2	12	8	3	2
3	4	1	4	12	8	3	8
3	4	1	2	12	8	3	10
3	4	1	4	12	8	3	10
3	4	2	1	12	8	3	0
3	4	2	4	12	8	3	0
3	4	2	1	12	8	3	1
3	4	2	4	12	8	3	8
3	4	2	1	12	8	3	9
3	4	2	4	12	8	3	9
3	4	4	1	12	8	8	0
3	4	4	2	12	8	8	0
3	4	4	1	12	8	8	1
3	4	4	2	12	8	8	2
3	4	4	1	12	8	8	3
3	4	4	2	12	8	8	3
3	4	1	2	12	8	9	0
3	4	1	4	12	8	9	0
3	4	1	2	12	8	9	2
3	4	1	4	12	8	9	8
3	4	1	2	12	8	9	10
3	4	1	4	12	8	9	10
3	4	4	1	12	8	9	0
3	4	4	2	12	8	9	0
3	4	4	1	12	8	9	1
3	4	4	2	12	8	9	2
3	4	4	1	12	8	9	3
3	4	4	2	12	8	9	3
3	4	2	1	12	8	10	0
3	4	2	4	12	8	10	0
3	4	2	1	12	8	10	1
3	4	2	4	12	8	10	8
3	4	2	1	12	8	10	9
3	4	2	4	12	8	10	9
3	4	4	1	12	8	10	0
3	4	4	2	12	8	10	0
3	4	4	1	12	8	10	1
3	4	4	2	12	8	10	2
3	4	4	1	12	8	10	3
3	4	4	2	12	8	10	3
3	4	1	2	12	8	11	0
3	4	1	4	12	8	11	0
3	4	1	2	12	8	11	2
3	4	1	4	12	8	11	8
3	4	1	2	12	8	11	10
3	4	1	4	12	8	11	10
3	4	2	1	12	8	11	0
3	4	2	4	12	8	11	0
3	4	2	1	12	8	11	1
3	4	2	4	12	8	11	8
3	4	2	1	12	8	11	9
3	4	2	4	12	8	11	9
3	4	4	1	12	8	11	0
3	4	4	2	12	8	11	0
3	4	4	1	12	8	11	1
3	4	4	2	12	8	11	2
3	4	4	1	12	8	11	3
3	4	4	2	12	8	11	3
3	1	4	2	12	9	8	0
3	1	4	4	12	9	8	0
3	1	4	2	12	9	8	2
3	1	4	4	12	9	8	8
3	1	4	2	12	9	8	10
3	1	4	4	12	9	8	10
3	1	2	4	12	9	10	8
3	2	4	1	12	10	8	0
3	2	4	3	12	10	8	0
3	2	4	4	12	10	8	0
3	2	4	1	12	10	8	1
3	2	4	4	12	10	8	8
3	2	4	1	12	10	8	9
3	2	4	4	12	10	8	9
3	2	1	4	12	10	9	8
3	1	4	2	12	11	8	0
3	1	4	4	12	11	8	0
3	1	4	2	12	11	8	2
3	1	4	4	12	11	8	8
3	1	4	2	12	11	8	10
3	1	4	4	12	11	8	10
3	1	2	4	12	11	10	8
3	2	4	1	12	11	8	0
3	2	4	4	12	11	8	0
3	2	4	1	12	11	8	1
3	2	4	4	12	11	8	8
3	2	4	1	12	11	8	9
3	2	4	4	12	11	8	9
3	2	1	4	12	11	9	8
4	3	1	2	12	4	0	0
4	3	1	3	12	4	0	0
4	3	1	4	12	4	0	0
4	3	1	2	12	4	0	2
4	3	1	3	12	4	0	4
4	3	1	2	12	4	0	6
4	3	1	3	12	4	0	6
4	3	2	1	12	4	0	0
4	3	2	3	12	4	0	0
4	3	2	4	12	4	0	0
4	3	2	1	12	4	0	1
4	3	2	3	12	4	0	4
4	3	2	1	12	4	0	5
4	3	2	3	12	4	0	5
4	3	3	1	12	4	0	0
4	3	3	2	12	4	0	0
4	3	3	4	12	4	0	0
4	3	3	1	12	4	0	1
4	3	3	2	12	4	0	2
4	3	3	1	12	4	0	3
4	3	3	2	12	4	0	3
4	3	4	1	12	4	0	0
4	3	4	2	12	4	0	0
4	3	4	3	12	4	0	0
4	3	1	2	12	4	1	0
4	3	1	3	12	4	1	0
4	3	1	2	12	4	1	2
4	3	1	3	12	4	1	4
4	3	1	2	12	4	1	6
4	3	1	3	12	4	1	6
4	3	2	1	12	4	2	0
4	3	2	2	12	4	2	0
4	3	2	3	12	4	2	0
4	3	2	4	12	4	2	0
4	3	2	1	12	4	2	1
4	3	2	3	12	4	2	4
4	3	2	1	12	4	2	5
4	3	2	3	12	4	2	5
4	3	1	2	12	4	3	0
4	3	1	3	12	4	3	0
4	3	1	2	12	4	3	2
4	3	1	3	12	4	3	4
4	3	1	2	12	4	3	6
4	3	1	3	12	4	3	6
4	3	2	1	12	4	3	0
4	3	2	3	12	4	3	0
4	3	2	1	12	4	3	1
4	3	2	3	12	4	3	4
4	3	2	1	12	4	3	5
4	3	2	3	12	4	3	5
4	3	3	1	12	4	4	0
4	3	3	2	12	4	4	0
4	3	3	1	12	4	4	1
4	3	3	2	12	4	4	2
4	3	3	1	12	4	4	3
4	3	3	2	12	4	4	3
4	3	1	2	12	4	5	0
4	3	1	3	12	4	5	0
4	3	1	2	12	4	5	2
4	3	1	3	12	4	5	4
4	3	1	2	12	4	5	6
4	3	1	3	12	4	5	6
4	3	3	1	12	4	5	0
4	3	3	2	12	4	5	0
4	3	3	1	12	4	5	1
4	3	3	2	12	4	5	2
4	3	3	1	12	4	5	3
4	3	3	2	12	4	5	3
4	3	2	1	12	4	6	0
4	3	2	3	12	4	6	0
4	3	2	1	12	4	6	1
4	3	2	3	12	4	6	4
4	3	2	1	12	4	6	5
4	3	2	3	12	4	6	5
4	3	3	1	12	4	6	0
4	3	3	2	12	4	6	0
4	3	3	1	12	4	6	1
4	3	3	2	12	4	6	2
4	3	3	1	12	4	6	3
4	3	3	2	12	4	6	3
4	3	1	2	12	4	7	0
4	3	1	3	12	4	7	0
4	3	1	2	12	4	7	2
4	3	1	3	12	4	7	4
4	3	1	2	12	4	7	6
4	3	1	3	12	4	7	6
4	3	2	1	12	4	7	0
4	3	2	3	12	4	7	0
4	3	2	1	12	4	7	1
4	3	2	3	12	4	7	4
4	3	2	1	12	4	7	5
4	3	2	3	12	4	7	5
4	3	3	1	12	4	7	0
4	3	3	2	12	4	7	0
4	3	3	1	12	4	7	1
4	3	3	2	12	4	7	2
4	3	3	1	12	4	7	3
4	3	3	2	12	4	7	3
4	1	3	2	12	5	4	0
4	1	3	3	12	5	4	0
4	1	3	2	12	5	4	2
4	1	3	3	12	5	4	4
4	1	3	2	12	5	4	6
4	1	3	3	12	5	4	6
4	1	2	3	12	5	6	4
4	2	3	1	12	6	4	0
4	2	3	3	12	6	4	0
4	2	3	4	12	6	4	0
4	2	3	1	12	6	4	1
4	2	3	3	12	6	4	4
4	2	3	1	12	6	4	5
4	2	3	3	12	6	4	5
4	2	1	3	12	6	5	4
4	1	3	2	12	7	4	0
4	1	3	3	12	7	4	0
4	1	3	2	12	7	4	2
4	1	3	3	12	7	4	4
4	1	3	2	12	7	4	6
4	1	3	3	12	7	4	6
4	1	2	3	12	7	6	4
4	2	3	1	12	7	4	0
4	2	3	3	12	7	4	0
4	2	3	1	12	7	4	1
4	2	3	3	12	7	4	4
4	2	3	1	12	7	4	5
4	2	3	3	12	7	4	5
4	2	1	3	12	7	5	4
1	4	2	3	13	8	0	0
1	4	2	3	13	8	0	4
1	4	3	2	13	8	0	0
1	4	3	2	13	8	0	2
1	4	2	3	13	8	2	0
1	4	2	3	13	8	2	4
1	4	3	2	13	8	4	0
1	4	3	2	13	8	4	2
1	4	2	3	13	8	6	0
1	4	2	3	13	8	6	4
1	4	3	2	13	8	6	0
1	4	3	2	13	8	6	2
1	2	4	3	13	10	8	0
1	2	4	3	13	10	8	4
1	2	3	4	13	10	12	8
1	3	4	2	13	12	8	0
1	3	4	2	13	12	8	2
1	3	2	4	13	12	10	8
1	4	3	2	13	12	4	0
1	4	3	2	13	12	4	2
1	4	2	3	13	12	6	4
1	2	4	3	13	14	8	0
1	2	4	3	13	14	8	4
1	2	3	4	13	14	12	8
1	2	3	3	13	14	12	12
1	2	4	3	13	14	12	4
1	2	4	4	13	14	12	12
1	3	4	2	13	14	8	0
1	3	4	2	13	14	8	2
1	3	2	4	13	14	10	8
3	4	1	2	13	8	0	0
3	4	1	2	13	8	0	2
3	4	2	1	13	8	0	0
3	4	2	1	13	8	0	1
3	4	1	2	13	8	1	0
3	4	1	2	13	8	1	2
3	4	2	1	13	8	2	0
3	4	2	1	13	8	2	1
3	4	1	2	13	8	3	0
3	4	1	2	13	8	3	2
3	4	2	1	13	8	3	0
3	4	2	1	13	8	3	1
3	1	4	2	13	9	8	0
3	1	4	2	13	9	8	2
3	1	2	4	13	9	10	8
3	2	4	1	13	10	8	0
3	2	4	1	13	10	8	1
3	2	1	4	13	10	9	8
3	1	4	2	13	11	8	0
3	1	4	2	13	11	8	2
3	1	2	4	13	11	10	8
3	2	4	1	13	11	8	0
3	2	4	1	13	11	8	1
3	2	1	4	13	11	9	8
2	4	1	3	14	8	0	0
2	4	1	3	14	8	0	4
2	4	3	1	14	8	0	0
2	4	3	4	14	8	0	0
2	4	3	1	14	8	0	1
2	4	1	3	14	8	1	0
2	4	1	3	14	8	1	4
2	4	3	1	14	8	4	0
2	4	3	3	14	8	4	0
2	4	3	4	14	8	4	0
2	4	3	1	14	8	4	1
2	4	1	3	14	8	5	0
2	4	1	3	14	8	5	4
2	4	3	1	14	8	5	0
2	4	3	1	14	8	5	1
2	1	4	3	14	9	8	0
2	1	4	3	14	9	8	4
2	1	3	4	14	9	12	8
2	3	4	1	14	12	8	0
2	3	4	2	14	12	8	0
2	3	4	3	14	12	8	0
2	3	4	4	14	12	8	0
2	3	4	1	14	12	8	1
2	3	4	3	14	12	8	4
2	3	4	1	14	12	8	5
2	3	4	3	14	12	8	5
2	3	4	4	14	12	8	8
2	3	4	1	14	12	8	9
2	3	4	4	14	12	8	9
2	3	4	3	14	12	8	12
2	3	4	4	14	12	8	12
2	3	4	1	14	12	8	13
2	3	4	3	14	12	8	13
2	3	4	4	14	12	8	13
2	3	1	4	14	12	9	8
2	3	1	3	14	12	9	12
2	3	3	4	14	12	12	8
2	3	3	1	14	12	12	9
2	3	1	4	14	12	13	8
2	3	1	3	14	12	13	12
2	3	3	4	14	12	13	8
2	3	3	1	14	12	13	9
2	4	3	1	14	12	4	0
2	4	3	2	14	12	4	0
2	4	3	3	14	12	4	0
2	4	3	4	14	12	4	0
2	4	3	1	14	12	4	1
2	4	3	3	14	12	4	4
2	4	3	1	14	12	4	5
2	4	3	3	14	12	4	5
2	4	3	4	14	12	4	8
2	4	3	1	14	12	4	9
2	4	3	4	14	12	4	9
2	4	3	3	14	12	4	12
2	4	3	4	14	12	4	12
2	4	3	1	14	12	4	13
2	4	3	3	14	12	4	13
2	4	3	4	14	12	4	13
2	4	1	3	14	12	5	4
2	4	1	4	14	12	5	12
2	4	4	3	14	12	12	4
2	4	4	1	14	12	12	5
2	4	1	3	14	12	13	4
2	4	1	4	14	12	13	12
2	4	4	3	14	12	13	4
2	4	4	1	14	12	13	5
2	1	4	3	14	13	8	0
2	1	4	3	14	13	8	4
2	1	3	4	14	13	12	8
2	1	3	3	14	13	12	12
2	1	4	3	14	13	12	4
2	1	4	4	14	13	12	12
2	3	4	1	14	13	8	0
2	3	4	1	14	13	8	1
2	3	1	4	14	13	9	8
3	4	1	2	14	8	0	0
3	4	1	2	14	8	0	2
3	4	2	1	14	8	0	0
3	4	2	4	14	8	0	0
3	4	2	1	14	8	0	1
3	4	1	2	14	8	1	0
3	4	1	2	14	8	1	2
3	4	2	1	14	8	2	0
3	4	2	2	14	8	2	0
3	4	2	4	14	8	2	0
3	4	2	1	14	8	2	1
3	4	1	2	14	8	3	0
3	4	1	2	14	8	3	2
3	4	2	1	14	8	3	0
3	4	2	1	14	8	3	1
3	1	4	2	14	9	8	0
3	1	4	2	14	9	8	2
3	1	2	4	14	9	10	8
3	2	4	1	14	10	8	0
3	2	4	2	14	10	8	0
3	2	4	3	14	10	8	0
3	2	4	4	14	10	8	0
3	2	4	1	14	10	8	1
3	2	4	2	14	10	8	2
3	2	4	1	14	10	8	3
3	2	4	2	14	10	8	3
3	2	4	4	14	10	8	8
3	2	4	1	14	10	8	9
3	2	4	4	14	10	8	9
3	2	4	2	14	10	8	10
3	2	4	4	14	10	8	10
3	2	4	1	14	10	8	11
3	2	4	2	14	10	8	11
3	2	4	4	14	10	8	11
3	2	1	4	14	10	9	8
3	2	1	2	14	10	9	10
3	2	2	4	14	10	10	8
3	2	2	1	14	10	10	9
3	2	1	4	14	10	11	8
3	2	1	2	14	10	11	10
3	2	2	4	14	10	11	8
3	2	2	1	14	10	11	9
3	4	2	1	14	10	2	0
3	4	2	2	14	10	2	0
3	4	2	3	14	10	2	0
3	4	2	4	14	10	2	0
3	4	2	1	14	10	2	1
3	4	2	2	14	10	2	2
3	4	2	1	14	10	2	3
3	4	2	2	14	10	2	3
3	4	2	4	14	10	2	8
3	4	2	1	14	10	2	9
3	4	2	4	14	10	2	9
3	4	2	2	14	10	2	10
3	4	2	4	14	10	2	10
3	4	2	1	14	10	2	11
3	4	2	2	14	10	2	11
3	4	2	4	14	10	2	11
3	4	1	2	14	10	3	2
3	4	1	4	14	10	3	10
3	4	4	2	14	10	10	2
3	4	4	1	14	10	10	3
3	4	1	2	14	10	11	2
3	4	1	4	14	10	11	10
3	4	4	2	14	10	11	2
3	4	4	1	14	10	11	3
3	1	4	2	14	11	8	0
3	1	4	2	14	11	8	2
3	1	2	4	14	11	10	8
3	1	2	2	14	11	10	10
3	1	4	2	14	11	10	2
3	1	4	4	14	11	10	10
3	2	4	1	14	11	8	0
3	2	4	1	14	11	8	1
3	2	1	4	14	11	9	8
4	2	3	1	14	6	4	0
4	2	3	2	14	6	4	0
4	2	3	3	14	6	4	0
4	2	3	4	14	6	4	0
4	2	3	1	14	6	4	1
4	2	3	2	14	6	4	2
4	2	3	1	14	6	4	3
4	2	3	2	14	6	4	3
4	2	3	3	14	6	4	4
4	2	3	1	14	6	4	5
4	2	3	3	14	6	4	5
4	2	3	2	14	6	4	6
4	2	3	3	14	6	4	6
4	2	3	1	14	6	4	7
4	2	3	2	14	6	4	7
4	2	3	3	14	6	4	7
4	2	1	3	14	6	5	4
4	2	1	2	14	6	5	6
4	2	2	3	14	6	6	4
4	2	2	1	14	6	6	5
4	2	1	3	14	6	7	4
4	2	1	2	14	6	7	6
4	2	2	3	14	6	7	4
4	2	2	1	14	6	7	5
4	3	2	1	14	6	2	0
4	3	2	2	14	6	2	0
4	3	2	3	14	6	2	0
4	3	2	4	14	6	2	0
4	3	2	1	14	6	2	1
4	3	2	2	14	6	2	2
4	3	2	1	14	6	2	3
4	3	2	2	14	6	2	3
4	3	2	3	14	6	2	4
4	3	2	1	14	6	2	5
4	3	2	3	14	6	2	5
4	3	2	2	14	6	2	6
4	3	2	3	14	6	2	6
4	3	2	1	14	6	2	7
4	3	2	2	14	6	2	7
4	3	2	3	14	6	2	7
4	3	1	2	14	6	3	2
4	3	1	3	14	6	3	6
4	3	3	2	14	6	6	2
4	3	3	1	14	6	6	3
4	3	1	2	14	6	7	2
4	3	1	3	14	6	7	6
4	3	3	2	14	6	7	2
4	3	3	1	14	6	7	3
4	1	2	3	14	7	6	4
4	1	2	2	14	7	6	6
4	1	3	2	14	7	6	2
4	1	3	3	14	7	6	6
1	4	2	3	15	8	0	0
1	4	2	3	15	8	0	4
1	4	3	2	15	8	0	0
1	4	3	2	15	8	0	2
1	4	2	3	15	8	2	0
1	4	2	3	15	8	2	4
1	4	3	2	15	8	4	0
1	4	3	2	15	8	4	2
1	4	2	3	15	8	6	0
1	4	2	3	15	8	6	4
1	4	3	2	15	8	6	0
1	4	3	2	15	8	6	2
1	2	4	3	15	10	8	0
1	2	4	3	15	10	8	4
1	2	3	4	15	10	12	8
1	3	4	2	15	12	8	0
1	3	4	2	15	12	8	2
1	3	2	4	15	12	10	8
1	4	3	2	15	12	4	0
1	4	3	2	15	12	4	2
1	4	2	3	15	12	6	4
1	2	4	3	15	14	8	0
1	2	4	3	15	14	8	4
1	2	3	4	15	14	12	8
1	2	3	2	15	14	12	10
1	2	3	3	15	14	12	12
1	2	3	2	15	14	12	14
1	2	3	3	15	14	12	14
1	2	4	3	15	14	12	4
1	2	4	2	15	14	12	6
1	2	4	4	15	14	12	12
1	2	4	2	15	14	12	14
1	2	4	4	15	14	12	14
1	2	2	3	15	14	14	12
1	2	2	4	15	14	14	12
1	3	4	2	15	14	8	0
1	3	4	2	15	14	8	2
1	3	2	4	15	14	10	8
1	3	2	2	15	14	10	10
1	3	2	3	15	14	10	12
1	3	2	2	15	14	10	14
1	3	2	3	15	14	10	14
1	3	4	2	15	14	10	2
1	3	4	3	15	14	10	6
1	3	4	4	15	14	10	10
1	3	4	3	15	14	10	14
1	3	4	4	15	14	10	14
1	3	3	2	15	14	14	10
1	3	3	4	15	14	14	10
1	4	2	3	15	14	6	4
1	4	2	2	15	14	6	6
1	4	2	4	15	14	6	12
1	4	2	2	15	14	6	14
1	4	2	4	15	14	6	14
1	4	3	2	15	14	6	2
1	4	3	3	15	14	6	6
1	4	3	4	15	14	6	10
1	4	3	3	15	14	6	14
1	4	3	4	15	14	6	14
1	4	4	2	15	14	14	6
1	4	4	3	15	14	14	6
2	4	1	3	15	8	0	0
2	4	1	3	15	8	0	4
2	4	3	1	15	8	0	0
2	4	3	1	15	8	0	1
2	4	1	3	15	8	1	0
2	4	1	3	15	8	1	4
2	4	3	1	15	8	4	0
2	4	3	1	15	8	4	1
2	4	1	3	15	8	5	0
2	4	1	3	15	8	5	4
2	4	3	1	15	8	5	0
2	4	3	1	15	8	5	1
2	1	4	3	15	9	8	0
2	1	4	3	15	9	8	4
2	1	3	4	15	9	12	8
2	3	4	1	15	12	8	0
2	3	4	1	15	12	8	1
2	3	1	4	15	12	9	8
2	4	3	1	15	12	4	0
2	4	3	1	15	12	4	1
2	4	1	3	15	12	5	4
2	1	4	3	15	13	8	0
2	1	4	3	15	13	8	4
2	1	3	4	15	13	12	8
2	1	3	1	15	13	12	9
2	1	3	3	15	13	12	12
2	1	3	1	15	13	12	13
2	1	3	3	15	13	12	13
2	1	4	3	15	13	12	4
2	1	4	1	15	13	12	5
2	1	4	4	15	13	12	12
2	1	4	1	15	13	12	13
2	1	4	4	15	13	12	13
2	1	1	3	15	13	13	12
2	1	1	4	15	13	13	12
2	3	4	1	15	13	8	0
2	3	4	1	15	13	8	1
2	3	1	4	15	13	9	8
2	3	1	1	15	13	9	9
2	3	1	3	15	13	9	12
2	3	1	1	15	13	9	13
2	3	1	3	15	13	9	13
2	3	4	1	15	13	9	1
2	3	4	3	15	13	9	5
2	3	4	4	15	13	9	9
2	3	4	3	15	13	9	13
2	3	4	4	15	13	9	13
2	3	3	1	15	13	13	9
2	3	3	4	15	13	13	9
2	4	1	3	15	13	5	4
2	4	1	1	15	13	5	5
2	4	1	4	15	13	5	12
2	4	1	1	15	13	5	13
2	4	1	4	15	13	5	13
2	4	3	1	15	13	5	1
2	4	3	3	15	13	5	5
2	4	3	4	15	13	5	9
2	4	3	3	15	13	5	13
2	4	3	4	15	13	5	13
2	4	4	1	15	13	13	5
2	4	4	3	15	13	13	5
3	4	1	2	15	8	0	0
3	4	1	2	15	8	0	2
3	4	2	1	15	8	0	0
3	4	2	1	15	8	0	1
3	4	1	2	15	8	1	0
3	4	1	2	15	8	1	2
3	4	2	1	15	8	2	0
3	4	2	1	15	8	2	1
3	4	1	2	15	8	3	0
3	4	1	2	15	8	3	2
3	4	2	1	15	8	3	0
3	4	2	1	15	8	3	1
3	1	4	2	15	9	8	0
3	1	4	2	15	9	8	2
3	1	2	4	15	9	10	8
3	2	4	1	15	10	8	0
3	2	4	1	15	10	8	1
3	2	1	4	15	10	9	8
3	1	4	2	15	11	8	0
3	1	4	2	15	11	8	2
3	1	2	4	15	11	10	8
3	1	2	1	15	11	10	9
3	1	2	2	15	11	10	10
3	1	2	1	15	11	10	11
3	1	2	2	15	11	10	11
3	1	4	2	15	11	10	2
3	1	4	1	15	11	10	3
3	1	4	4	15	11	10	10
3	1	4	1	15	11	10	11
3	1	4	4	15	11	10	11
3	1	1	2	15	11	11	10
3	1	1	4	15	11	11	10
3	2	4	1	15	11	8	0
3	2	4	1	15	11	8	1
3	2	1	4	15	11	9	8
3	2	1	1	15	11	9	9
3	2	1	2	15	11	9	10
3	2	1	1	15	11	9	11
3	2	1	2	15	11	9	11
3	2	4	1	15	11	9	1
3	2	4	2	15	11	9	3
3	2	4	4	15	11	9	9
3	2	4	2	15	11	9	11
3	2	4	4	15	11	9	11
3	2	2	1	15	11	11	9
3	2	2	4	15	11	11	9
3	4	1	2	15	11	3	2
3	4	1	1	15	11	3	3
3	4	1	4	15	11	3	10
3	4	1	1	15	11	3	11
3	4	1	4	15	11	3	11
3	4	2	1	15	11	3	1
3	4	2	2	15	11	3	3
3	4	2	4	15	11	3	9
3	4	2	2	15	11	3	11
3	4	2	4	15	11	3	11
3	4	4	1	15	11	11	3
3	4	4	2	15	11	11	3
4	1	2	3	15	7	6	4
4	1	2	1	15	7	6	5
4	1	2	2	15	7	6	6
4	1	2	1	15	7	6	7
4	1	2	2	15	7	6	7
4	1	3	2	15	7	6	2
4	1	3	1	15	7	6	3
4	1	3	3	15	7	6	6
4	1	3	1	15	7	6	7
4	1	3	3	15	7	6	7
4	1	1	2	15	7	7	6
4	1	1	3	15	7	7	6
4	2	1	3	15	7	5	4
4	2	1	1	15	7	5	5
4	2	1	2	15	7	5	6
4	2	1	1	15	7	5	7
4	2	1	2	15	7	5	7
4	2	3	1	15	7	5	1
4	2	3	2	15	7	5	3
4	2	3	3	15	7	5	5
4	2	3	2	15	7	5	7
4	2	3	3	15	7	5	7
4	2	2	1	15	7	7	5
4	2	2	3	15	7	7	5
4	3	1	2	15	7	3	2
4	3	1	1	15	7	3	3
4	3	1	3	15	7	3	6
4	3	1	1	15	7	3	7
4	3	1	3	15	7	3	7
4	3	2	1	15	7	3	1
4	3	2	2	15	7	3	3
4	3	2	3	15	7	3	5
4	3	2	2	15	7	3	7
4	3	2	3	15	7	3	7
4	3	3	1	15	7	7	3
4	3	3	2	15	7	7	3
