# sup	 k 	 masks 	 p*
1.0	4,1,2,3,4	8,0,0,0,0	0.7333,0.7333,0.7333,0.4667,0.2667,0.2667,0.2667,0.2667,0.2667
1.0	4,1,3,2,4	8,0,0,0,0	0.6667,0.6667,0.6667,0.3333,0.3333,0.3333,0.3333,0.3333,0.3333
1.0	4,2,1,3,4	8,0,0,0,0	0.6667,0.6667,0.6667,0.3333,0.3333,0.3333,0.3333,0.3333,0.3333
1.024307	4,2,3,1,4	8,0,0,0,0	0.6991,0.5,0.5,0.3495,0.3495,0.3252,0.3252,0.3252,0.3252
1.02837	4,2,3,1,4	8,0,4,0,0	0.714,0.5,0.5,0.3712,0.3428,0.3428,0.3144,0.3144,0.3144
1.0	4,3,1,2,4	8,0,0,0,0	0.6667,0.6667,0.4536,0.3333,0.3333,0.3333,0.3333,0.3333,0.3333
1.024307	4,3,2,1,4	8,0,0,0,0	0.6991,0.5,0.5,0.3495,0.3495,0.3252,0.3252,0.3252,0.3252
1.02837	4,3,2,1,4	8,0,2,0,0	0.714,0.5,0.5,0.3712,0.3428,0.3428,0.3144,0.3144,0.3144
1.024307	4,2,3,1,4	8,2,0,0,0	0.6991,0.5,0.5,0.3495,0.3495,0.3252,0.3252,0.3252,0.3252
1.02837	4,2,3,1,4	8,2,4,0,0	0.714,0.5,0.5,0.3712,0.3428,0.3428,0.3144,0.3144,0.3144
1.0	4,3,1,2,4	8,4,0,0,0	0.6667,0.6667,0.4536,0.3333,0.3333,0.3333,0.3333,0.3333,0.3333
1.032943	4,3,2,1,4	8,4,0,0,0	0.7106,0.5165,0.4835,0.3553,0.3553,0.3224,0.3224,0.3224,0.3224
1.032943	4,3,2,1,4	8,4,2,0,0	0.7106,0.5165,0.4835,0.3553,0.3553,0.3224,0.3224,0.3224,0.3224
1.024307	4,2,3,1,4	8,6,0,0,0	0.6991,0.5,0.5,0.3495,0.3495,0.3252,0.3252,0.3252,0.3252
1.051097	4,2,3,1,4	8,6,4,0,0	0.7348,0.5,0.5,0.3674,0.3674,0.3163,0.3163,0.3163,0.3163
1.024307	4,3,2,1,4	8,6,0,0,0	0.6991,0.5,0.5,0.3495,0.3495,0.3252,0.3252,0.3252,0.3252
1.051097	4,3,2,1,4	8,6,2,0,0	0.7348,0.5,0.5,0.3674,0.3674,0.3163,0.3163,0.3163,0.3163
1.019636	2,4,3,1,4	10,8,0,0,0	0.7059,0.5,0.5,0.3726,0.3333,0.3333,0.3333,0.3137,0.3137
1.02837	2,4,3,1,4	10,8,4,0,0	0.714,0.5,0.5,0.3712,0.3428,0.3428,0.3144,0.3144,0.3144
1.019636	2,3,4,1,4	10,12,8,0,0	0.7059,0.5,0.5,0.3726,0.3333,0.3333,0.3333,0.3137,0.3137
1.0	3,4,1,2,3	12,8,0,0,0	0.7333,0.7333,0.3667,0.3667,0.3667,0.3667,0.2667,0.2667,0.2667
1.0	3,4,1,2,4	12,8,0,0,0	0.7333,0.7333,0.4667,0.4667,0.2667,0.2667,0.2667,0.2667,0.2667
1.053694	3,4,2,1,3	12,8,0,0,0	0.7562,0.5951,0.4049,0.4049,0.3512,0.3512,0.2975,0.2975,0.2975
1.053694	3,4,2,1,4	12,8,0,0,0	0.7562,0.5951,0.4049,0.4049,0.3512,0.3512,0.2975,0.2975,0.2975
1.071788	3,4,2,1,3	12,8,2,0,0	0.7863,0.5709,0.4291,0.4291,0.3573,0.3573,0.2855,0.2855,0.2855
1.071788	3,4,2,1,4	12,8,2,0,0	0.7863,0.5709,0.4291,0.4291,0.3573,0.3573,0.2855,0.2855,0.2855
1.048849	3,2,4,1,3	12,10,8,0,0	0.7644,0.569,0.431,0.431,0.3333,0.3333,0.3333,0.2845,0.2845
1.048849	3,2,4,1,4	12,10,8,0,0	0.7644,0.569,0.431,0.431,0.3333,0.3333,0.3333,0.2845,0.2845
1.0	4,3,1,2,3	12,4,0,0,0	0.6667,0.6667,0.3333,0.3333,0.3333,0.3333,0.3333,0.3333,0.3333
1.0	4,3,1,2,4	12,4,0,0,0	0.7333,0.7333,0.4667,0.4667,0.2667,0.2667,0.2667,0.2667,0.2667
1.053694	4,3,2,1,3	12,4,0,0,0	0.7562,0.5951,0.4049,0.4049,0.3512,0.3512,0.2975,0.2975,0.2975
1.053694	4,3,2,1,4	12,4,0,0,0	0.7562,0.5951,0.4049,0.4049,0.3512,0.3512,0.2975,0.2975,0.2975
1.071788	4,3,2,1,3	12,4,2,0,0	0.7863,0.5709,0.4291,0.4291,0.3573,0.3573,0.2855,0.2855,0.2855
1.071788	4,3,2,1,4	12,4,2,0,0	0.7863,0.5709,0.4291,0.4291,0.3573,0.3573,0.2855,0.2855,0.2855
1.048849	4,2,3,1,3	12,6,4,0,0	0.7644,0.569,0.431,0.431,0.3333,0.3333,0.3333,0.2845,0.2845
1.048849	4,2,3,1,4	12,6,4,0,0	0.7644,0.569,0.431,0.431,0.3333,0.3333,0.3333,0.2845,0.2845
1.019636	2,4,3,1,4	14,8,0,0,0	0.7059,0.5,0.5,0.3726,0.3333,0.3333,0.3333,0.3137,0.3137
1.02837	2,4,3,1,4	14,8,4,0,0	0.714,0.5,0.5,0.3712,0.3428,0.3428,0.3144,0.3144,0.3144
1.066667	2,3,4,1,2	14,12,8,0,0	0.8,0.4667,0.4667,0.4667,0.3333,0.3333,0.3333,0.2667,0.2667
1.066667	2,3,4,1,3	14,12,8,0,0	0.8,0.4667,0.4667,0.4667,0.3333,0.3333,0.3333,0.2667,0.2667
1.066667	2,3,4,1,4	14,12,8,0,0	0.8,0.4667,0.4667,0.4667,0.3333,0.3333,0.3333,0.2667,0.2667
1.066667	2,4,3,1,2	14,12,4,0,0	0.8,0.4667,0.4667,0.4667,0.3333,0.3333,0.3333,0.2667,0.2667
1.066667	2,4,3,1,3	14,12,4,0,0	0.8,0.4667,0.4667,0.4667,0.3333,0.3333,0.3333,0.2667,0.2667
1.066667	2,4,3,1,4	14,12,4,0,0	0.8,0.4667,0.4667,0.4667,0.3333,0.3333,0.3333,0.2667,0.2667
1.019636	3,4,2,1,4	14,8,0,0,0	0.7059,0.5,0.5,0.3726,0.3333,0.3333,0.3333,0.3137,0.3137
1.02837	3,4,2,1,4	14,8,2,0,0	0.714,0.5,0.5,0.3712,0.3428,0.3428,0.3144,0.3144,0.3144
1.066667	3,2,4,1,2	14,10,8,0,0	0.8,0.4667,0.4667,0.4667,0.3333,0.3333,0.3333,0.2667,0.2667
1.066667	3,2,4,1,3	14,10,8,0,0	0.8,0.4667,0.4667,0.4667,0.3333,0.3333,0.3333,0.2667,0.2667
1.066667	3,2,4,1,4	14,10,8,0,0	0.8,0.4667,0.4667,0.4667,0.3333,0.3333,0.3333,0.2667,0.2667
1.066667	3,4,2,1,2	14,10,2,0,0	0.8,0.4667,0.4667,0.4667,0.3333,0.3333,0.3333,0.2667,0.2667
1.066667	3,4,2,1,3	14,10,2,0,0	0.8,0.4667,0.4667,0.4667,0.3333,0.3333,0.3333,0.2667,0.2667
1.066667	3,4,2,1,4	14,10,2,0,0	0.8,0.4667,0.4667,0.4667,0.3333,0.3333,0.3333,0.2667,0.2667
1.066667	4,2,3,1,2	14,6,4,0,0	0.8,0.4667,0.4667,0.4667,0.3333,0.3333,0.3333,0.2667,0.2667
1.066667	4,2,3,1,3	14,6,4,0,0	0.8,0.4667,0.4667,0.4667,0.3333,0.3333,0.3333,0.2667,0.2667
1.066667	4,2,3,1,4	14,6,4,0,0	0.8,0.4667,0.4667,0.4667,0.3333,0.3333,0.3333,0.2667,0.2667
1.066667	4,3,2,1,2	14,6,2,0,0	0.8,0.4667,0.4667,0.4667,0.3333,0.3333,0.3333,0.2667,0.2667
1.066667	4,3,2,1,3	14,6,2,0,0	0.8,0.4667,0.4667,0.4667,0.3333,0.3333,0.3333,0.2667,0.2667
1.066667	4,3,2,1,4	14,6,2,0,0	0.8,0.4667,0.4667,0.4667,0.3333,0.3333,0.3333,0.2667,0.2667
