pat=[1, 2, 2, 1, 3, 4, 3, 3, 4, 4] sup=1.2 验证=true  符号=-
pat=[1, 2, 2, 1, 3, 4, 3, 4, 3, 4] sup=1.2 验证=true  符号=-
pat=[1, 2, 2, 1, 3, 4, 3, 4, 4, 3] sup=1.2 验证=true  符号=-
pat=[1, 2, 2, 1, 3, 4, 4, 3, 3, 4] sup=1.2 验证=true  符号=-
pat=[1, 2, 2, 1, 3, 4, 4, 3, 4, 3] sup=1.2 验证=true  符号=-
pat=[1, 2, 2, 1, 3, 4, 4, 4, 3, 3] sup=1.2 验证=true  符号=-
pat=[1, 2, 2, 3, 1, 4, 3, 3, 4, 4] sup=1.2 验证=true  符号=-
pat=[1, 2, 2, 3, 1, 4, 3, 4, 3, 4] sup=1.2 验证=true  符号=-
pat=[1, 2, 2, 3, 1, 4, 3, 4, 4, 3] sup=1.2 验证=true  符号=-
pat=[1, 2, 2, 3, 1, 4, 4, 3, 3, 4] sup=1.2 验证=true  符号=-
pat=[1, 2, 2, 3, 1, 4, 4, 3, 4, 3] sup=1.2000000000000002 验证=true  符号=-
pat=[1, 2, 2, 3, 1, 4, 4, 4, 3, 3] sup=1.2 验证=true  符号=-
pat=[1, 2, 2, 3, 4, 1, 3, 3, 4, 4] sup=1.2 验证=true  符号=-
pat=[1, 2, 2, 3, 4, 1, 3, 4, 3, 4] sup=1.2 验证=true  符号=-
pat=[1, 2, 2, 3, 4, 1, 3, 4, 4, 3] sup=1.2 验证=true  符号=-
pat=[1, 2, 2, 3, 4, 1, 4, 3, 3, 4] sup=1.2 验证=true  符号=-
pat=[1, 2, 2, 3, 4, 1, 4, 3, 4, 3] sup=1.2 验证=true  符号=-
pat=[1, 2, 2, 3, 4, 1, 4, 4, 3, 3] sup=1.2 验证=true  符号=-
